Time,0,1,2,3,4,5,6,7,8,9,10,11,12,13,14,15,16,17,18,19,20,21,22,23,24,25,26,27,28,29,30,31,32,33,34,35,36,37,38,39,40,41,42,43,44,45,46,47,48,49,50,51,52,53,54,55,56,57,58,59,60,61,62,63,64,65,66,67,68,69,70,71,72,73,74,75,76,77,78,79,80,81,82,83,84,85,86,87,88,89,90,91,92,93,94,95,96,97,98,99,100
1950,0,0,0,0,0,0,0,0,0,0,0,0,0,0,0,0.1191843507156931,0.1450371120852754,0.17055623772186995,0.1943534521651238,0.21520914983958364,0.23220986113681255,0.24483179688062465,0.25306109326388404,0.2573616825331124,0.25847707911986945,0.2573111028649876,0.2548069760200438,0.2513630510265654,0.24683856933335035,0.2410956866533952,0.23403137375123556,0.22558112541098999,0.21564392311238836,0.2041104157116056,0.19097068688814628,0.1763282815087624,0.16040636520729287,0.14361442020122708,0.12648109971116864,0.10951892382196231,0.09319089260132803,0.07788633357583558,0.06389794377220086,0.05142050305784378,0.04055958048240297,0.031335899208259424,0.02369552427884995,0.01752466864671559,0.01266708018414085,0.008941910423594287,1,0,0,0,0,0,0,0,0,0,0,0,0,0,0,0,0,0,0,0,0,0,0,0,0,0,0,0,0,0,0,0,0,0,0,0,0,0,0,0,0,0,0,0,0,0,0,0,0,0,0
1951,0,0,0,0,0,0,0,0,0,0,0,0,0,0,0,0.1190059856104929,0.14482091967776553,0.17030241718405814,0.1940640945125282,0.21488806087634624,0.23186220074552868,0.24446359468533058,0.2526786148149334,0.25697081088369855,0.25808289804625123,0.25691762209253477,0.2544170134783998,0.2509787542137364,0.24646195656597641,0.2407286404152971,0.23367561146523044,0.22523819336536596,0.2153155616067728,0.20379883505228136,0.190678392620245,0.17605784695692636,0.1601601701165158,0.1433941655947637,0.12628749311700763,0.10935173568542414,0.09304907760940356,0.07776819034260853,0.06380131389662423,0.051342952995316424,0.04049854676415531,0.03128882060671042,0.02365995358005776,0.017498358399340143,0.012648040107984027,0.00892843726311543,1,0,0,0,0,0,0,0,0,0,0,0,0,0,0,0,0,0,0,0,0,0,0,0,0,0,0,0,0,0,0,0,0,0,0,0,0,0,0,0,0,0,0,0,0,0,0,0,0,0,0
1952,0,0,0,0,0,0,0,0,0,0,0,0,0,0,0,0.1190078829248068,0.14482387374084335,0.17030619739516506,0.19406830902285543,0.21489221579961562,0.23186577807764663,0.24446613258179342,0.25267981261468997,0.25697060910170705,0.2580814839932401,0.256915406246936,0.2544145860285971,0.2509766559234923,0.2464604711077655,0.24072779270094719,0.23367518535025858,0.22523777094429365,0.2153147555418098,0.2037974861082578,0.19067655175547005,0.17605573385325635,0.16015811328822033,0.14339245045976462,0.12628626149886416,0.10935100986802827,0.09304879506919746,0.07776823973798028,0.06380157443535524,0.05134331940458843,0.04049893663733934,0.031289176910011623,0.0236602434523942,0.017498569288216487,0.012648174448865884,0.008928506844444085,1,0,0,0,0,0,0,0,0,0,0,0,0,0,0,0,0,0,0,0,0,0,0,0,0,0,0,0,0,0,0,0,0,0,0,0,0,0,0,0,0,0,0,0,0,0,0,0,0,0,0
1953,0,0,0,0,0,0,0,0,0,0,0,0,0,0,0,0.11917301908183403,0.14502526889041537,0.17054323795343843,0.19433836371142515,0.21519090744206834,0.23218745706221539,0.24480446683012985,0.25302855989362627,0.2573243283110204,0.25843592341705945,0.2572677080091293,0.25476331086110127,0.2513208778549564,0.24679889460622542,0.2410587556441453,0.23399671912477546,0.22554768047597842,0.21561072896411063,0.2040772191939481,0.19093787219306166,0.1762967285212496,0.16037725123679747,0.14358873386999874,0.12645931992511317,0.10950109468424338,0.09317673541458747,0.07787536613673963,0.06388961320001149,0.05141427530955233,0.04055497536537206,0.03133251015016632,0.02369302543772941,0.017522811843288758,0.012665684930767453,0.008940850430355354,1,0,0,0,0,0,0,0,0,0,0,0,0,0,0,0,0,0,0,0,0,0,0,0,0,0,0,0,0,0,0,0,0,0,0,0,0,0,0,0,0,0,0,0,0,0,0,0,0,0,0
1954,0,0,0,0,0,0,0,0,0,0,0,0,0,0,0,0.11948499713599875,0.14540516030054879,0.17099009190860665,0.19484754504025922,0.21575455802510488,0.23279532313136858,0.2454449455223325,0.25369006967800234,0.25799658673662595,0.25911067969227347,0.2579391534016179,0.25542816597681667,0.25197688329233153,0.24744332441798747,0.2416884246261398,0.23460808090226587,0.2261369437202084,0.21617385365940842,0.2046099726803595,0.19143608153544842,0.17675656000745402,0.16079549845046884,0.14396324265756733,0.12678925877814728,0.10978692216860331,0.09342008476720344,0.07807886734229566,0.0640566565251645,0.05154876569068308,0.04066110243179065,0.031414527705895104,0.0237550560551583,0.01756868904118153,0.0126988401585138,0.008964246575493894,1,0,0,0,0,0,0,0,0,0,0,0,0,0,0,0,0,0,0,0,0,0,0,0,0,0,0,0,0,0,0,0,0,0,0,0,0,0,0,0,0,0,0,0,0,0,0,0,0,0,0
1955,0,0,0,0,0,0,0,0,0,0,0,0,0,0,0,0.11992782898491877,0.14594409907103173,0.171623894789535,0.1955698035696587,0.21655432657782997,0.2336582592085389,0.24635476092746436,0.2546304313893333,0.2589528977354516,0.26007111852249265,0.2588952689931616,0.25637502196993106,0.25291101548307804,0.2483607206966902,0.24258453627972199,0.2354779543588632,0.2269753684432661,0.2169752535948738,0.20536839812628538,0.19214557589621348,0.17741157548365932,0.16139133197338443,0.1444967069816155,0.12725911104827195,0.11019380680972667,0.09376635391543817,0.0783683118647012,0.0642941523526568,0.05173991353318712,0.04081189752932973,0.03153104518746219,0.0238431736511105,0.017633864412764676,0.012745952572456644,0.008997504856961647,1,0,0,0,0,0,0,0,0,0,0,0,0,0,0,0,0,0,0,0,0,0,0,0,0,0,0,0,0,0,0,0,0,0,0,0,0,0,0,0,0,0,0,0,0,0,0,0,0,0,0
1956,0,0,0,0,0,0,0,0,0,0,0,0,0,0,0,0.12048574292617276,0.146622898401383,0.17242208983384202,0.19647944085179467,0.2175617620274923,0.23474557099443344,0.247501553845333,0.25581620123898907,0.26015925257420663,0.26128308836342784,0.2601020638776738,0.2575702280363857,0.2540900894717047,0.24951850593034877,0.2437152776863188,0.23657545957890036,0.22803318289436775,0.21798645519901294,0.20632552885437855,0.1930411094128516,0.17823845327509252,0.1621435302350474,0.14517012655582764,0.12785214661118371,0.1107072676243927,0.0942032271271165,0.07873341275030248,0.06459366687364713,0.05198093676812845,0.04100201512770295,0.03167793593931412,0.023954260246663972,0.017716033841869674,0.01280535806830495,0.009039451484690306,1,0,0,0,0,0,0,0,0,0,0,0,0,0,0,0,0,0,0,0,0,0,0,0,0,0,0,0,0,0,0,0,0,0,0,0,0,0,0,0,0,0,0,0,0,0,0,0,0,0,0
1957,0,0,0,0,0,0,0,0,0,0,0,0,0,0,0,0.12114301460158551,0.147422428197251,0.17336218663146738,0.1975508343883322,0.21874849843644892,0.23602665773676362,0.24885306593279505,0.25721404222957667,0.2615817536778895,0.2627125515490809,0.2615256621280147,0.2589802479478592,0.2554810331903288,0.2508842128119381,0.24504894275284764,0.23786981968748083,0.22928071443297635,0.21917907988874893,0.20745448856653526,0.19409752127086288,0.1792139505609085,0.16303094343835905,0.145964565128947,0.12855169137364383,0.1113128717441153,0.09471842924482977,0.0791639166702514,0.06494679367053832,0.05226507525723356,0.04122612695148855,0.03185108664473471,0.02408520799236355,0.0178129007669831,0.012875398073659334,0.0090889166442085,1,0,0,0,0,0,0,0,0,0,0,0,0,0,0,0,0,0,0,0,0,0,0,0,0,0,0,0,0,0,0,0,0,0,0,0,0,0,0,0,0,0,0,0,0,0,0,0,0,0,0
1958,0,0,0,0,0,0,0,0,0,0,0,0,0,0,0,0.12188411377725633,0.1483238244090213,0.17442201713367148,0.19875871496967779,0.2200865226442933,0.2374712382628513,0.2503772961559763,0.25879079274914824,0.26318659091981916,0.2643254778404914,0.26313213570111504,0.2605714644170083,0.257050694154099,0.25242531289038084,0.24655379093982563,0.23933024685119808,0.23068829051281325,0.22052474707985664,0.20872839031780674,0.19528963096902313,0.18031480037772327,0.16403240103730304,0.1468610756382586,0.1293410726606277,0.11199619891848621,0.09529970578126463,0.07964959492571001,0.06534515109108832,0.05258559090956717,0.04147892228290808,0.03204639630279218,0.02423291620129504,0.017922171320567712,0.012954413262075349,0.009144727441585626,1,0,0,0,0,0,0,0,0,0,0,0,0,0,0,0,0,0,0,0,0,0,0,0,0,0,0,0,0,0,0,0,0,0,0,0,0,0,0,0,0,0,0,0,0,0,0,0,0,0,0
1959,0,0,0,0,0,0,0,0,0,0,0,0,0,0,0,0.12269447562627134,0.14930952074133572,0.17558097858099073,0.2000795391292305,0.22154957396836,0.23905067047816703,0.252043643190679,0.2605143643775902,0.2649406705987362,0.2660882249009109,0.26488769726219125,0.2623102780748346,0.25876593577234075,0.2541093669413741,0.24819827317948612,0.24092623183329276,0.23222655103100767,0.2219953661331319,0.2101205853660422,0.19659244063652023,0.1815178796966327,0.16512686839777466,0.14784086475389654,0.13020379835763415,0.11274303227377179,0.09593501631876279,0.08018042809397463,0.0657805479886974,0.052935907673352545,0.04175521889469975,0.03225985801178177,0.02439434644967565,0.018041586921524397,0.013040758647045724,0.009205710577719324,1,0,0,0,0,0,0,0,0,0,0,0,0,0,0,0,0,0,0,0,0,0,0,0,0,0,0,0,0,0,0,0,0,0,0,0,0,0,0,0,0,0,0,0,0,0,0,0,0,0,0
1960,0,0,0,0,0,0,0,0,0,0,0,0,0,0,0,0.12355954645432274,0.15036199959700278,0.1768185367682604,0.20148982512289537,0.22311141502547505,0.24073626575142956,0.2538213631071439,0.2623524148773321,0.26681053404300353,0.2679666893770137,0.26675803067969,0.2641625314600067,0.26059307061612375,0.25590341601283156,0.24995036264890289,0.2426268281011928,0.2338657267629695,0.22356245255594398,0.21160404153140927,0.1979805818733319,0.18279971609868853,0.16629299434721237,0.1488848648765523,0.131123147748164,0.11353897051104886,0.09661217533019523,0.08074628425513798,0.0662447064020268,0.053309382223847714,0.04204978177253933,0.03248742268102131,0.024566425929459748,0.018168860531132355,0.013132765518587601,0.009270673025648421,1,0,0,0,0,0,0,0,0,0,0,0,0,0,0,0,0,0,0,0,0,0,0,0,0,0,0,0,0,0,0,0,0,0,0,0,0,0,0,0,0,0,0,0,0,0,0,0,0,0,0
1961,0,0,0,0,0,0,0,0,0,0,0,0,0,0,0,0.12446441656038541,0.15146331607574018,0.1781136570155736,0.20296551836602736,0.22474516687342977,0.24249863157788573,0.2556789546026048,0.2642718018163244,0.26876189136199136,0.2699259177281546,0.2687079621925365,0.26609321243268425,0.2624975683816991,0.2577736771994205,0.25177723282138376,0.2444003172121178,0.23557530629129567,0.225196811545783,0.21315105213534594,0.1994280528593755,0.18413625080675983,0.16750889435763042,0.14997353237489258,0.13208198309003816,0.11436925359816735,0.09731869414761156,0.08133677974109335,0.06672914288690368,0.05369920643622736,0.042357246067659636,0.032724940770641094,0.024746005538416653,0.018301648241674382,0.013228723582323442,0.00933839194144665,1,0,0,0,0,0,0,0,0,0,0,0,0,0,0,0,0,0,0,0,0,0,0,0,0,0,0,0,0,0,0,0,0,0,0,0,0,0,0,0,0,0,0,0,0,0,0,0,0,0,0
1962,0,0,0,0,0,0,0,0,0,0,0,0,0,0,0,0.1253937611938081,0.15259502649508858,0.17944472024854466,0.20448189566108937,0.22642320253388626,0.24430755601342893,0.2575840362912024,0.26623845478796104,0.27075949058798926,0.271929974040345,0.2707013282917759,0.2680663231134143,0.2644439266453496,0.2596854169312433,0.25364513396624794,0.24621408914592063,0.23732392072986028,0.22686842771334245,0.21473313146808995,0.20090812039314493,0.18550274812933948,0.16875206815320257,0.15108677389081046,0.1330626848315368,0.11521870680713366,0.0980417334663857,0.08194123953785101,0.06722513609815184,0.05409838133761327,0.04267209656711431,0.03296814642911888,0.02492984787180996,0.018437540375138832,0.013326874502889817,0.009407610084585662,1,0,0,0,0,0,0,0,0,0,0,0,0,0,0,0,0,0,0,0,0,0,0,0,0,0,0,0,0,0,0,0,0,0,0,0,0,0,0,0,0,0,0,0,0,0,0,0,0,0,0
1963,0,0,0,0,0,0,0,0,0,0,0,0,0,0,0,0.12633027801227986,0.15373612917309717,0.18078705126219685,0.20601082312070787,0.22811431425442052,0.24612927467115653,0.25950088706939706,0.26821531298235757,0.27276550197325355,0.2739407434341989,0.27270009998339195,0.27004416884916493,0.2663949719454275,0.2616021702516276,0.25551849669627963,0.24803365299885063,0.2390783335989917,0.22854551041450982,0.21632015741580518,0.20239256910751507,0.18687313373764441,0.169998791231734,0.15220336037584942,0.13404657759056948,0.11607118336287005,0.09876757652717023,0.08254821810920702,0.06772330962170103,0.054499370286014065,0.0429883933474591,0.03321245225240634,0.025114483505247795,0.018573969062797367,0.01342535947817747,0.009477012358994596,1,0,0,0,0,0,0,0,0,0,0,0,0,0,0,0,0,0,0,0,0,0,0,0,0,0,0,0,0,0,0,0,0,0,0,0,0,0,0,0,0,0,0,0,0,0,0,0,0,0,0
1964,0,0,0,0,0,0,0,0,0,0,0,0,0,0,0,0.12725001077469295,0.15485689082404785,0.18210550514182483,0.20751253635550887,0.22977523488155263,0.24791831257770125,0.26138313583885553,0.2701562376091572,0.27473480088267815,0.2759144978991619,0.2746619288627634,0.27198540572678553,0.2683099412798452,0.26348356815084684,0.25735740033157645,0.24981981520546412,0.24080054805030787,0.2301917620093461,0.2178779273350426,0.20384957196629358,0.18821812483415182,0.17122239400616898,0.15329926042636946,0.1350122850228536,0.1169079554324272,0.09948009917633899,0.08314410175729658,0.0682124117430232,0.05489308298888075,0.04329896798042478,0.033452348812811714,0.025295792045164855,0.01870794081961407,0.013522069911391262,0.009545161835756794,1,0,0,0,0,0,0,0,0,0,0,0,0,0,0,0,0,0,0,0,0,0,0,0,0,0,0,0,0,0,0,0,0,0,0,0,0,0,0,0,0,0,0,0,0,0,0,0,0,0,0
1965,0,0,0,0,0,0,0,0,0,0,0,0,0,0,0,0.12812676968623912,0.155924681903212,0.18336147449752477,0.20894340984624832,0.23135865216256818,0.24962519593876045,0.26318067214731483,0.27201176683315836,0.27661942699590475,0.27780514223472147,0.2765424658788631,0.2738468849669364,0.27014629431571907,0.26528739018731123,0.2591199650886951,0.2515313462192114,0.2424505408165382,0.2317689596804188,0.2193704680461874,0.20524570288869792,0.18950699736174817,0.172394888271529,0.15434921562127799,0.13593728489158266,0.11770923510455712,0.10016221611915158,0.0837144298046121,0.06868046890307845,0.0552698358556456,0.043596183282619654,0.03368197219097876,0.02546939805793469,0.01883628923144841,0.013614788456675898,0.009610560114435302,1,0,0,0,0,0,0,0,0,0,0,0,0,0,0,0,0,0,0,0,0,0,0,0,0,0,0,0,0,0,0,0,0,0,0,0,0,0,0,0,0,0,0,0,0,0,0,0,0,0,0
1966,0,0,0,0,0,0,0,0,0,0,0,0,0,0,0,0.1289336921255523,0.15690603354776403,0.18451535846521527,0.21025869583349158,0.23281603790745511,0.2511991813411756,0.264842102069425,0.27373117482941206,0.2783701973022806,0.27956540872931585,0.2782962358487519,0.2755843630746877,0.2718604113603532,0.26697034396011743,0.260763246930126,0.2531259679748897,0.24398727048302402,0.23323790845580306,0.22076089187659792,0.20654668652472205,0.19070824695832075,0.17348757501574613,0.15532732579747752,0.13679848232876327,0.11845473091322169,0.1007964068771727,0.08424437292459692,0.06911520207833217,0.055619698119010644,0.04387220706791577,0.03389530873560129,0.02563081441697232,0.01895576710851069,0.013701241268592962,0.009671670681381687,1,0,0,0,0,0,0,0,0,0,0,0,0,0,0,0,0,0,0,0,0,0,0,0,0,0,0,0,0,0,0,0,0,0,0,0,0,0,0,0,0,0,0,0,0,0,0,0,0,0,0
1967,0,0,0,0,0,0,0,0,0,0,0,0,0,0,0,0.12964335894412146,0.15776678474587216,0.18552673751620408,0.21141272067485437,0.23409785792140997,0.2525884706696231,0.26631496013903483,0.2752626747350786,0.2799368969167638,0.281147035482911,0.2798768053671638,0.2771526633744992,0.27340775249815435,0.2684882240335911,0.2622433966903628,0.25456051192662027,0.24536883162587966,0.23455858840095292,0.2220115347887205,0.20771752613865457,0.1917897062389292,0.17447115138466157,0.15620714606591032,0.13757229699643492,0.11912372508969521,0.10136478306922442,0.08471879050569882,0.06950407452163469,0.05593253053442284,0.044119042636179766,0.03408621835524407,0.025775459514645962,0.019063058754823684,0.013779106412538548,0.009726924432489372,1,0,0,0,0,0,0,0,0,0,0,0,0,0,0,0,0,0,0,0,0,0,0,0,0,0,0,0,0,0,0,0,0,0,0,0,0,0,0,0,0,0,0,0,0,0,0,0,0,0,0
1968,0,0,0,0,0,0,0,0,0,0,0,0,0,0,0,0.13023704399444033,0.1584839467145024,0.1863685097851429,0.21237468657187827,0.2351702545883607,0.25375692569492286,0.26756166100461287,0.27656800861950176,0.28128121230874187,0.2825120690579945,0.281246780336881,0.2785149439920056,0.2747519694357131,0.26980521183762773,0.26352525777463115,0.25580070263051785,0.24656212056263707,0.2356993766905312,0.22309253368514623,0.20873035556950972,0.1927256931044225,0.17532225081791752,0.15696770564944215,0.13824018600201302,0.11970008277004918,0.10185354516628939,0.08512609562323006,0.06983754499265671,0.056200635908516226,0.04433061270207423,0.034250009756764295,0.02589979637542862,0.01915556239007414,0.013846518631132915,0.009775019549930883,1,0,0,0,0,0,0,0,0,0,0,0,0,0,0,0,0,0,0,0,0,0,0,0,0,0,0,0,0,0,0,0,0,0,0,0,0,0,0,0,0,0,0,0,0,0,0,0,0,0,0
1969,0,0,0,0,0,0,0,0,0,0,0,0,0,0,0,0.1307324325820757,0.1590812573632506,0.18706925377467426,0.21317602512307054,0.23606503988890895,0.25473415491340007,0.26860729413372125,0.27766615084298163,0.2824154548449943,0.28366668499239767,0.2824077012291566,0.2796703995083062,0.27589213976672844,0.2709216791898561,0.26461106986373406,0.25685042559808424,0.2475717545914997,0.23666463918436528,0.22400748657966446,0.20958792667689902,0.19351839170853954,0.17604300562955527,0.15761151396890902,0.13880516993750874,0.12018724423198575,0.10226632387285092,0.08546982659698632,0.07011880868072626,0.05642669568955351,0.04450899925892056,0.03438815670789475,0.026004742494911103,0.019233731426933326,0.013903578803521445,0.009815817153800966,1,0,0,0,0,0,0,0,0,0,0,0,0,0,0,0,0,0,0,0,0,0,0,0,0,0,0,0,0,0,0,0,0,0,0,0,0,0,0,0,0,0,0,0,0,0,0,0,0,0,0
1970,0,0,0,0,0,0,0,0,0,0,0,0,0,0,0,0.1311568970474902,0.15959488149362072,0.18767235469957785,0.21386471845568852,0.2368314969039256,0.25556726625726456,0.26949363919036773,0.27859132379941043,0.2833654281875337,0.2846288216453095,0.28337148647491134,0.28062782921378626,0.27683678295489994,0.27184764397430167,0.26551304055130487,0.25772373823724004,0.24841240565257605,0.2374683347011542,0.22476891079575748,0.2103011528373233,0.19417741423970836,0.17664234515720809,0.1581473393874899,0.13927601734454378,0.12059386750990063,0.10261139567275619,0.08575755292030228,0.07035445510906187,0.05661615721439496,0.04465845873686455,0.03450377601675096,0.02609240259797579,0.019298833615143573,0.013950911860586527,0.009849488247998013,1,0,0,0,0,0,0,0,0,0,0,0,0,0,0,0,0,0,0,0,0,0,0,0,0,0,0,0,0,0,0,0,0,0,0,0,0,0,0,0,0,0,0,0,0,0,0,0,0,0,0
1971,0,0,0,0,0,0,0,0,0,0,0,0,0,0,0,0.13153833092847514,0.16006164700554668,0.18822198621282665,0.21448963260716697,0.23751984875585144,0.25630432031589834,0.270263399184663,0.2793786109049022,0.28415771660882294,0.2854171160830347,0.28415068595153925,0.28139662513958824,0.2775950015652857,0.2725937147826589,0.2662439807702256,0.25843530750244453,0.2490993452533978,0.23812499435045054,0.22538985766744654,0.21088143826681227,0.19471282093096462,0.17712960825033425,0.15858432525552243,0.13966183832239448,0.12092891789628102,0.10289730831001677,0.08599707784149617,0.07055126969787165,0.056774627084140106,0.04478337284359936,0.03460007953054136,0.026164950657711798,0.019352184887372406,0.013989174472415801,0.00987622334811536,1,0,0,0,0,0,0,0,0,0,0,0,0,0,0,0,0,0,0,0,0,0,0,0,0,0,0,0,0,0,0,0,0,0,0,0,0,0,0,0,0,0,0,0,0,0,0,0,0,0,0
1972,0,0,0,0,0,0,0,0,0,0,0,0,0,0,0,0.1319050265401194,0.16051889295647528,0.1887629310696834,0.21510031416668432,0.23818103746190947,0.25699410162433134,0.270959978259949,0.2800637563660003,0.28481951922495174,0.2860507780222687,0.28475838977870127,0.28198670044045565,0.27817641163181744,0.27317101209170225,0.2668172130213272,0.2590003079106327,0.249648339832678,0.23864962190276356,0.22588382218540212,0.2113405980887051,0.19513504898107636,0.17751447753920804,0.1589319266088958,0.13997202293749156,0.12120160890625781,0.10313282590916013,0.08619638930879982,0.07071619172335822,0.05690783664941957,0.04488822150033519,0.034680354001265186,0.026224615876414538,0.019395140483825186,0.014019050295980372,0.009896230861600167,1,0,0,0,0,0,0,0,0,0,0,0,0,0,0,0,0,0,0,0,0,0,0,0,0,0,0,0,0,0,0,0,0,0,0,0,0,0,0,0,0,0,0,0,0,0,0,0,0,0,0
1973,0,0,0,0,0,0,0,0,0,0,0,0,0,0,0,0.13225630658332224,0.16096647772493528,0.18929523300549003,0.21569647334492897,0.23881383729467742,0.25763386560581847,0.2715786471674292,0.28063980601269123,0.28534170977686074,0.2865188394463519,0.2851823500361854,0.2823852609807966,0.27856836224142434,0.2735674868511393,0.2672215141804884,0.25940834089516007,0.25004961488809685,0.23903285117746692,0.22624177400200235,0.21166999534098405,0.1954360124304902,0.17778963447984958,0.15918376349705113,0.1402011889309173,0.12140752346521415,0.10331439997201874,0.08635267465592783,0.07084700543711246,0.057014041299557776,0.04497162477754324,0.034743499242007925,0.026270513549107578,0.019426984651024163,0.014039959704303846,0.009909044000262098,1,0,0,0,0,0,0,0,0,0,0,0,0,0,0,0,0,0,0,0,0,0,0,0,0,0,0,0,0,0,0,0,0,0,0,0,0,0,0,0,0,0,0,0,0,0,0,0,0,0,0
1974,0,0,0,0,0,0,0,0,0,0,0,0,0,0,0,0.13247403709734326,0.16125223403961914,0.18963744963651785,0.21607568954673942,0.23920551242660604,0.2580120401183821,0.2719196841027631,0.2809268475834343,0.28556795771404814,0.2866879086497379,0.2853073687360315,0.2824871419292931,0.2786676157150968,0.2736768988807604,0.26734596451816056,0.2595452074333329,0.25018975703126983,0.23916642753878936,0.226363261759777,0.21177796492584391,0.19553241475485814,0.1778787357230091,0.1592691886125602,0.14028402705930232,0.12148697307297975,0.1033885716538145,0.08641934968681214,0.07090439723625028,0.05706120383027198,0.04500845793531125,0.03477063636042378,0.026289135497929886,0.019438600276808375,0.014046190393749053,0.00991144209642422,1,0,0,0,0,0,0,0,0,0,0,0,0,0,0,0,0,0,0,0,0,0,0,0,0,0,0,0,0,0,0,0,0,0,0,0,0,0,0,0,0,0,0,0,0,0,0,0,0,0,0
1975,0,0,0,0,0,0,0,0,0,0,0,0,0,0,0,0.13241024131430507,0.16118526729948346,0.1895618764246799,0.2159840685012194,0.23908959419665682,0.2578641961048658,0.2717342518951689,0.2807016631898461,0.28530532908094286,0.28639438001682915,0.2849930195338443,0.2821646419536703,0.2783488390738111,0.2733699741150138,0.26705517841042786,0.25927115998950734,0.2499298069063775,0.23891772318109272,0.2261253233578251,0.21155242296767274,0.19532247809121636,0.17768847028047832,0.15910173056873508,0.1401404379971715,0.1213665933485831,0.10328950354150873,0.0863389536045944,0.07083982352093525,0.057009745930115284,0.04496768660502014,0.03473846710239353,0.026263843401921328,0.019418795788268058,0.014030771551787079,0.009899537765774378,1,0,0,0,0,0,0,0,0,0,0,0,0,0,0,0,0,0,0,0,0,0,0,0,0,0,0,0,0,0,0,0,0,0,0,0,0,0,0,0,0,0,0,0,0,0,0,0,0,0,0
1976,0,0,0,0,0,0,0,0,0,0,0,0,0,0,0,0.13191855790122733,0.16057670485126457,0.18884320253877565,0.21517041537718515,0.2382025262588898,0.25692891849547217,0.27077651151824844,0.2797439129067187,0.2843635772669901,0.2854771200166823,0.284101159116485,0.28129222747857285,0.27748883239530453,0.27251958410743227,0.26621593983856146,0.25844862338624364,0.2491329325768638,0.2381561424582026,0.22540690010383235,0.21088304317458828,0.1947060338842751,0.1771269969854939,0.15859625714286532,0.13969153262584882,0.1209740985451682,0.1029523016688539,0.0860548320485748,0.07060541241662563,0.05682063344771232,0.04481870420085304,0.03462401867781861,0.026178237716568437,0.019356547663881552,0.01398684493658292,0.009869514461563969,1,0,0,0,0,0,0,0,0,0,0,0,0,0,0,0,0,0,0,0,0,0,0,0,0,0,0,0,0,0,0,0,0,0,0,0,0,0,0,0,0,0,0,0,0,0,0,0,0,0,0
1977,0,0,0,0,0,0,0,0,0,0,0,0,0,0,0,0.13085816125011845,0.15924493348856675,0.18726481256913033,0.21339316881615508,0.2362907117677673,0.25495446589715415,0.2688095022420129,0.2778410281408733,0.28255904685015054,0.2837805337522507,0.2824984025582354,0.2797487107544203,0.27596866233315215,0.27100298818621255,0.2646996160925865,0.256944749911342,0.24766700380225992,0.23675557728448765,0.22409109343789896,0.20966329175466777,0.19358635811614722,0.17610563247937305,0.15767056211199984,0.1388611338665591,0.12023969137525575,0.10231431141781754,0.0855122909809522,0.07015495210650617,0.05645618715220195,0.04453196577414205,0.03440511309649324,0.026016484004379514,0.01924121079744562,0.013907787992044026,0.009817689346825566,1,0,0,0,0,0,0,0,0,0,0,0,0,0,0,0,0,0,0,0,0,0,0,0,0,0,0,0,0,0,0,0,0,0,0,0,0,0,0,0,0,0,0,0,0,0,0,0,0,0,0
1978,0,0,0,0,0,0,0,0,0,0,0,0,0,0,0,0.1291712763254245,0.1571187854957076,0.1847427672012104,0.21055710115163628,0.23324986831381014,0.2518302731470785,0.2657193958574469,0.27487874453562416,0.2797792176564968,0.2811951137962239,0.2800784852094635,0.2774302987480235,0.2736860183103605,0.2687189243489904,0.2624061545210604,0.2546613920828809,0.245436901369945,0.2346251273073016,0.22209218090272517,0.2078133308149059,0.19188994831479708,0.17455742434780275,0.15626434422399157,0.13759565777136235,0.11911649728824152,0.10133524791010337,0.08467738073436554,0.0694604295352767,0.05589380373969477,0.04408965967413682,0.0340680624639875,0.025768340951304116,0.019065339536894647,0.013788353849719161,0.009740490205285128,1,0,0,0,0,0,0,0,0,0,0,0,0,0,0,0,0,0,0,0,0,0,0,0,0,0,0,0,0,0,0,0,0,0,0,0,0,0,0,0,0,0,0,0,0,0,0,0,0,0,0
1979,0,0,0,0,0,0,0,0,0,0,0,0,0,0,0,0.12709575542389495,0.15451991714939217,0.18166490016110412,0.20708751916137966,0.22950723158573122,0.24794855189552878,0.261830493779667,0.2710910978814873,0.2761606843199445,0.2777682956317989,0.27682186848411683,0.27428385141395295,0.2705865557980165,0.2656324451384033,0.25932853590874083,0.2516165090392339,0.24247260839778184,0.231792844059781,0.2194290800110761,0.2053420656428848,0.18961994877948948,0.17248739382700704,0.15439081353589762,0.13591846902178153,0.11763666217467972,0.10005260291364404,0.08358867160141596,0.06855764898280066,0.055163811827434864,0.04351514711518391,0.03362888401158989,0.025442995543812345,0.018832405276789914,0.013627716200339158,0.009634253842528502,1,0,0,0,0,0,0,0,0,0,0,0,0,0,0,0,0,0,0,0,0,0,0,0,0,0,0,0,0,0,0,0,0,0,0,0,0,0,0,0,0,0,0,0,0,0,0,0,0,0,0
1980,0,0,0,0,0,0,0,0,0,0,0,0,0,0,0,0.1249304694085459,0.15184985187039876,0.17851461188019804,0.20351576913451871,0.22559982620248478,0.24380766606975515,0.25756252317282563,0.2667913602126713,0.27190045187652584,0.2735897304078555,0.27273694017794314,0.2702766257162887,0.26663563697823667,0.26173192462513145,0.25548831636368063,0.24786104352079602,0.23883856464027994,0.22831958871112595,0.21615015774082322,0.20228409916541096,0.18680215561214297,0.16992162544123096,0.15208387736215892,0.13387361973308803,0.11585272128127888,0.09852330500919185,0.08230245532587044,0.06749779709869222,0.05430922531364909,0.04284168299524127,0.033110828732188714,0.025054508980562325,0.018548797657065696,0.01342645497269109,0.009495643239930998,1,0,0,0,0,0,0,0,0,0,0,0,0,0,0,0,0,0,0,0,0,0,0,0,0,0,0,0,0,0,0,0,0,0,0,0,0,0,0,0,0,0,0,0,0,0,0,0,0,0,0
1981,0,0,0,0,0,0,0,0,0,0,0,0,0,0,0,0.12295613298961992,0.14948496725515906,0.1757448189970393,0.20034004561286323,0.22203210444704116,0.23987726775108628,0.25331315495060086,0.2622791475839974,0.2671906182992649,0.26875193511243056,0.26784064395031115,0.2653872066432404,0.2618099608128958,0.2570153164211146,0.2509141101417026,0.2434506768954943,0.23460269178459953,0.22426960334500817,0.21230763529260846,0.19867839229074605,0.18346682201217532,0.16689007404120235,0.149380163432587,0.13150655116210552,0.11381738457100628,0.09680355144323548,0.08087378098596824,0.06633067639349273,0.05337181106954408,0.04210158792777934,0.03253660397083723,0.02461678663080876,0.0182210786722706,0.013185559820161818,0.009321869488437504,1,0,0,0,0,0,0,0,0,0,0,0,0,0,0,0,0,0,0,0,0,0,0,0,0,0,0,0,0,0,0,0,0,0,0,0,0,0,0,0,0,0,0,0,0,0,0,0,0,0,0
1982,0,0,0,0,0,0,0,0,0,0,0,0,0,0,0,0.12143637364010991,0.14777929827738992,0.17378174606415295,0.1980288606613919,0.21927778052048805,0.23659774435255906,0.24945521808058793,0.25783647411473043,0.2622147954769397,0.2633483353220887,0.26215851757404246,0.2596068035801021,0.2560989186451652,0.2514907730368052,0.24564124373392027,0.23844472791772534,0.22983497952849719,0.2197091757200045,0.2079565347103702,0.1945675347483317,0.1796481403317846,0.16342602694085823,0.14631828163993582,0.12886313222816684,0.11158243359623733,0.09494768099573467,0.07935540603032364,0.06510379555483772,0.05239134167724341,0.04132566423840382,0.031927944953545735,0.024143297156064197,0.01785584362002955,0.012906427256616872,0.009110815713854137,1,0,0,0,0,0,0,0,0,0,0,0,0,0,0,0,0,0,0,0,0,0,0,0,0,0,0,0,0,0,0,0,0,0,0,0,0,0,0,0,0,0,0,0,0,0,0,0,0,0,0
1983,0,0,0,0,0,0,0,0,0,0,0,0,0,0,0,0.12053882349145888,0.14695583637453813,0.17289342458833484,0.19687769234679176,0.21763843182227843,0.23425580310929173,0.24624357725107426,0.2536766573381591,0.25714351054584367,0.2575122932575712,0.2557970714282237,0.25302826122662964,0.24959344449775034,0.24525449638795463,0.23977406818782387,0.232954253678102,0.224647614685176,0.21474538161862072,0.20319518611074736,0.1900400037972568,0.17542567284490002,0.15960245913833354,0.14296664168655815,0.1260078391239365,0.10920800066622341,0.09301044558564427,0.07779545701091957,0.0638576801284899,0.05140032363269368,0.040538562623457695,0.031302323440709295,0.023645391011436506,0.017459591675102908,0.012592016461080312,0.008863108392638255,1,0,0,0,0,0,0,0,0,0,0,0,0,0,0,0,0,0,0,0,0,0,0,0,0,0,0,0,0,0,0,0,0,0,0,0,0,0,0,0,0,0,0,0,0,0,0,0,0,0,0
1984,0,0,0,0,0,0,0,0,0,0,0,0,0,0,0,0.12009075265534408,0.14676402739729996,0.17277354343131487,0.1965583184869699,0.2168059453665003,0.232608468144987,0.2435423955846121,0.2498013233788442,0.25212658473526095,0.25153016134520173,0.2491453565200954,0.24609052711992707,0.24272986174955063,0.2387060053448296,0.23366045186205933,0.22727868918172503,0.21931003227555393,0.20963709955521725,0.19828057390480308,0.18534967574470623,0.17104106400197977,0.15563463881231168,0.13950268629354642,0.12307650094216878,0.10679058358980033,0.09105525497014869,0.07623241189044654,0.06261389360015106,0.050410086120500575,0.03974646297134677,0.030664260426183847,0.02312800132554673,0.01703860185268427,0.012250073351445248,0.008587583008811352,1,0,0,0,0,0,0,0,0,0,0,0,0,0,0,0,0,0,0,0,0,0,0,0,0,0,0,0,0,0,0,0,0,0,0,0,0,0,0,0,0,0,0,0,0,0,0,0,0,0,0
1985,0,0,0,0,0,0,0,0,0,0,0,0,0,0,0,0.11984283256374571,0.14684490030006933,0.17298369763359397,0.19660006917007108,0.21633511444821496,0.23129588646419327,0.2411304169308106,0.24616337418130177,0.24730043387702796,0.24570384542313378,0.24262765004485384,0.23927682248005244,0.23598871070911112,0.23228322115134886,0.2276781440915672,0.22173926749403083,0.21410892237782017,0.20465992562634033,0.19348781279114263,0.18076997535336584,0.1667554303412759,0.15175480016233328,0.13611629075051007,0.12021208608351489,0.10442880342051683,0.08914364559831184,0.0747003186551277,0.06138846970622197,0.0494265192099797,0.03895103144590148,0.030015146222145805,0.022594429445382192,0.016598871339743172,0.0118890964914451,0.00829447891957051,1,0,0,0,0,0,0,0,0,0,0,0,0,0,0,0,0,0,0,0,0,0,0,0,0,0,0,0,0,0,0,0,0,0,0,0,0,0,0,0,0,0,0,0,0,0,0,0,0,0,0
1986,0,0,0,0,0,0,0,0,0,0,0,0,0,0,0,0.11955007810389777,0.1468424105061937,0.17308802121363462,0.19653669482018862,0.21578868628347592,0.22996902391271223,0.23879630377872682,0.24271857176305217,0.24279109220309444,0.2403082529352942,0.2366261201940285,0.23302000454487132,0.22980031122571143,0.22637952611500442,0.2221680776288795,0.21662720367978328,0.2093048007537264,0.20006426781406988,0.18906648289657033,0.17654846953246964,0.16280490410239365,0.14817306608680925,0.13297967593586565,0.11754475707341512,0.10221283731221081,0.08733212197965048,0.07323054771721578,0.06019621765707581,0.04845508560062952,0.03815385887554022,0.02935636089974921,0.0220478535455296,0.016146056335036643,0.011516973433082053,0.007993145579984675,1,0,0,0,0,0,0,0,0,0,0,0,0,0,0,0,0,0,0,0,0,0,0,0,0,0,0,0,0,0,0,0,0,0,0,0,0,0,0,0,0,0,0,0,0,0,0,0,0,0,0
1987,0,0,0,0,0,0,0,0,0,0,0,0,0,0,0,0.11897025255058455,0.14640113799977122,0.17265035652311447,0.19590332065370872,0.21473445780547223,0.22828724134476017,0.23633704518891033,0.23942519366254567,0.23871555583761767,0.23559460133701804,0.23148593135965903,0.22770867905197462,0.22455087116752245,0.22134919579750506,0.2174388837946593,0.2122074088483255,0.20513527530993483,0.19607850241871821,0.18524382652478555,0.17291008627620422,0.15940371013198637,0.1450801238411619,0.13024948441136003,0.1151933074701556,0.10022529623266023,0.08567261822740199,0.07185199127993071,0.05905078529229626,0.047500830481945644,0.03735645897980868,0.028689269897691393,0.02149131064629857,0.015685423101171374,0.011140888388390323,0.007691906151215311,1,0,0,0,0,0,0,0,0,0,0,0,0,0,0,0,0,0,0,0,0,0,0,0,0,0,0,0,0,0,0,0,0,0,0,0,0,0,0,0,0,0,0,0,0,0,0,0,0,0,0
1988,0,0,0,0,0,0,0,0,0,0,0,0,0,0,0,0.11793805449360079,0.14527505173949018,0.1713676818006697,0.19437843850436284,0.2128771371259816,0.22602277274130003,0.2336225467202261,0.2362636021491387,0.2351589618011475,0.23173342449849743,0.22743538993980392,0.22359709251621396,0.2204928577595794,0.21742510317135397,0.21369525790213922,0.2086572040616538,0.20176019163633907,0.19285614149841548,0.18217200891056337,0.1700048594801794,0.15669454199894334,0.142603436146844,0.1280315091472481,0.11323953653321438,0.098525046039305,0.08420454917689021,0.07058947102995873,0.057967370102716825,0.04657352546208622,0.03656631054838626,0.028021046619175358,0.020932611284807553,0.01522554959688577,0.010769802228611297,0.0073994991591989304,1,0,0,0,0,0,0,0,0,0,0,0,0,0,0,0,0,0,0,0,0,0,0,0,0,0,0,0,0,0,0,0,0,0,0,0,0,0,0,0,0,0,0,0,0,0,0,0,0,0,0
1989,0,0,0,0,0,0,0,0,0,0,0,0,0,0,0,0.1165779976479266,0.14363828501600812,0.16945100741420727,0.19218996208764869,0.21043701208101837,0.22336273040402235,0.2307839225575674,0.23329351786400948,0.23210527936746045,0.22864007774580927,0.22433883517637568,0.22052456671483975,0.2174657926824237,0.21446321674619676,0.2108166389284978,0.20587778042703186,0.19909322247668568,0.19031358017509273,0.1797658948861358,0.16774690697086048,0.15459552528135254,0.14067238356649456,0.12627247302594788,0.11165003310953266,0.09709808053274098,0.08293070168056822,0.06945866887139342,0.05697032545751717,0.04570229128113473,0.03581396485154156,0.02738105101500829,0.02039807736337455,0.014788628189271624,0.010421355421189098,0.007129126385830995,1,0,0,0,0,0,0,0,0,0,0,0,0,0,0,0,0,0,0,0,0,0,0,0,0,0,0,0,0,0,0,0,0,0,0,0,0,0,0,0,0,0,0,0,0,0,0,0,0,0,0
1990,0,0,0,0,0,0,0,0,0,0,0,0,0,0,0,0.1150819456656223,0.1417644450697893,0.16723362821912133,0.18969564627025962,0.20775422958074594,0.22058828396237287,0.22800954075129257,0.23059113772015813,0.22951722073184386,0.22617871083483962,0.22198962016875237,0.2182506506543347,0.21522986754041495,0.21224650935063188,0.20861870419800013,0.20371557858506822,0.19699893590247697,0.18831993220682497,0.17789322110691097,0.1660037226764503,0.15298054082117565,0.13917726094902258,0.12488748499393787,0.11036819209867287,0.09591539490707768,0.08184593216924546,0.0684726981923231,0.05608494715009036,0.04491904182351191,0.03513329461227145,0.02680158178628076,0.019916089039905133,0.014397885199283112,0.010113309479250304,0.0068934520928577055,1,0,0,0,0,0,0,0,0,0,0,0,0,0,0,0,0,0,0,0,0,0,0,0,0,0,0,0,0,0,0,0,0,0,0,0,0,0,0,0,0,0,0,0,0,0,0,0,0,0,0
1991,0,0,0,0,0,0,0,0,0,0,0,0,0,0,0,0.11363357961547094,0.13991611065977583,0.16503563376994337,0.1872387812460109,0.2051545153086191,0.21796796172682173,0.22547894264506016,0.22822953929136186,0.2273612290294158,0.22422401593312546,0.22019704275902502,0.2165535700845985,0.21356387930530987,0.21057466697109087,0.20693120812717833,0.20202871170040027,0.1953521715795831,0.18675420694848271,0.17643170711660344,0.16465282918927002,0.15173309068070262,0.13801684866848113,0.1237983932919248,0.1093421632879898,0.09495080388961674,0.08094621351456598,0.06764441289770223,0.05533523637468457,0.04425367516745524,0.03455572126352649,0.026312307300714394,0.019512439190773983,0.014074181905657903,0.00986141037665343,0.0067035443484325255,1,0,0,0,0,0,0,0,0,0,0,0,0,0,0,0,0,0,0,0,0,0,0,0,0,0,0,0,0,0,0,0,0,0,0,0,0,0,0,0,0,0,0,0,0,0,0,0,0,0,0
1992,0,0,0,0,0,0,0,0,0,0,0,0,0,0,0,0.11240767967753021,0.1383428664011021,0.16316121372379083,0.18514575417995002,0.20294789955106957,0.2157578670187478,0.22336405636093729,0.22627970740191838,0.2256069717762793,0.22265831462456492,0.2187810580993124,0.21522358767620223,0.2122585809500883,0.20925831753200924,0.20559339936092913,0.20068340147418898,0.19403501735675746,0.18550237907668976,0.17526601329929395,0.16357863313096035,0.15074324942523204,0.13709578774543738,0.12293184342671536,0.10852365646325235,0.094180415250658,0.08022862729417456,0.0669867601769146,0.05474448725522699,0.04373481106516873,0.034111047223791616,0.025941153202494422,0.019211241202594032,0.01383690577309317,0.009680224894208412,0.006569620878311747,1,0,0,0,0,0,0,0,0,0,0,0,0,0,0,0,0,0,0,0,0,0,0,0,0,0,0,0,0,0,0,0,0,0,0,0,0,0,0,0,0,0,0,0,0,0,0,0,0,0,0
1993,0,0,0,0,0,0,0,0,0,0,0,0,0,0,0,0.11152925514099356,0.1372244573862676,0.16182989763063088,0.18365194522905057,0.20135705996036168,0.21413998341679816,0.22178341599832796,0.22478387120043683,0.22421977924642514,0.22138037561038199,0.21759277598652038,0.21408915871699666,0.21114299789061441,0.2081419941403395,0.20447204487318324,0.19956737884328662,0.19294766171227964,0.1844679524664959,0.1742990340463962,0.16268431061970384,0.14991910911477974,0.1363340011714496,0.122225289215891,0.10786985934406604,0.09358041823792364,0.0796855118106094,0.06650414310020035,0.05432487103113085,0.04337858359157914,0.03381632727103603,0.025703937833202427,0.01902579382654036,0.013696309335475302,0.009577005087262086,0.006496344065145746,1,0,0,0,0,0,0,0,0,0,0,0,0,0,0,0,0,0,0,0,0,0,0,0,0,0,0,0,0,0,0,0,0,0,0,0,0,0,0,0,0,0,0,0,0,0,0,0,0,0,0
1994,0,0,0,0,0,0,0,0,0,0,0,0,0,0,0,0.11095070828091279,0.13650101733680292,0.16097157670944176,0.18268033009146734,0.20030206957540378,0.21303547257192434,0.22066262784332602,0.22367423785435786,0.22313917170096584,0.2203364995400231,0.21658379613524173,0.21310502403635775,0.21017299457564834,0.207181455269743,0.20352232363903444,0.19863551193954948,0.19204561984144164,0.18360816981654904,0.1734904218203425,0.1619322210495918,0.14922571663010595,0.13569896265198167,0.12164807949993357,0.10735119399987378,0.09312148079085364,0.07928713380540019,0.06616610985249359,0.05404530721551681,0.0431537589364399,0.03364092906646669,0.02557151717513201,0.018929303322951493,0.01362865007583991,0.009531507257719918,0.006467125846233993,1,0,0,0,0,0,0,0,0,0,0,0,0,0,0,0,0,0,0,0,0,0,0,0,0,0,0,0,0,0,0,0,0,0,0,0,0,0,0,0,0,0,0,0,0,0,0,0,0,0,0
1995,0,0,0,0,0,0,0,0,0,0,0,0,0,0,0,0.11058533924388962,0.13605843949435642,0.1604505935637435,0.18208315185227344,0.19963444145482284,0.21230642058993626,0.2198837933539122,0.2228587163898496,0.2223000794749349,0.21948572387969506,0.21573106152613455,0.21225743147007511,0.20933605466427838,0.20636030644261857,0.2027217682103629,0.197859903282023,0.19129877864606695,0.18289421206354417,0.17281442755433682,0.1612998388049349,0.14864263692896343,0.13517035289224905,0.12117797986710424,0.10694202569384328,0.09277376506333364,0.0789993787258419,0.06593488372460342,0.053865503987206,0.04301901344657822,0.03354412282203256,0.02550531814369401,0.01888667040703075,0.013603242712282651,0.00951796097387175,0.006461180270581804,1,0,0,0,0,0,0,0,0,0,0,0,0,0,0,0,0,0,0,0,0,0,0,0,0,0,0,0,0,0,0,0,0,0,0,0,0,0,0,0,0,0,0,0,0,0,0,0,0,0,0
1996,0,0,0,0,0,0,0,0,0,0,0,0,0,0,0,0.11034914384759452,0.1357862929897706,0.16013572659935546,0.18171747656107812,0.1992104614504114,0.21181923182428952,0.21933258297761266,0.22224790640078645,0.22163928397104862,0.21878825219179834,0.21501221141636054,0.21153309452320335,0.2086200974619368,0.20566268240457503,0.2020485889909542,0.1972134657454726,0.19067788099647257,0.18229806666982432,0.17224601524379518,0.16076526024069346,0.14815000272120138,0.1347284258727056,0.12079339597964041,0.1066174722227597,0.09250832432413571,0.07878916468385948,0.06577384085366376,0.05374640180743433,0.04293428283759555,0.03348640840485079,0.025467914079233843,0.01886381564550813,0.013590266817084055,0.009511294016456421,0.00645825703578868,1,0,0,0,0,0,0,0,0,0,0,0,0,0,0,0,0,0,0,0,0,0,0,0,0,0,0,0,0,0,0,0,0,0,0,0,0,0,0,0,0,0,0,0,0,0,0,0,0,0,0
1997,0,0,0,0,0,0,0,0,0,0,0,0,0,0,0,0.1101595260839796,0.13557600907308007,0.159897989449315,0.181442839096351,0.19888894156004816,0.21144270967837284,0.21889677523371853,0.22175411325388,0.22109483234075372,0.2182051483320736,0.21440543693732614,0.21091911592267817,0.2080134093310865,0.20507315118136904,0.20148153137371055,0.19666973344470517,0.19015431700962232,0.181792331495156,0.17176069303330807,0.1603070604683412,0.14772838443672745,0.13435387199052864,0.1204732065581811,0.1063531833339873,0.09229680694564486,0.07862405474829105,0.06564702497337628,0.053649597510122445,0.04286011484386535,0.03342882627931578,0.02542233013844452,0.01882701637854215,0.013560167657631305,0.009486620396324242,0.006438228460745518,1,0,0,0,0,0,0,0,0,0,0,0,0,0,0,0,0,0,0,0,0,0,0,0,0,0,0,0,0,0,0,0,0,0,0,0,0,0,0,0,0,0,0,0,0,0,0,0,0,0,0
1998,0,0,0,0,0,0,0,0,0,0,0,0,0,0,0,0.1099502838530528,0.13534017870199935,0.1596331300834008,0.18114526621614807,0.1985548082387134,0.21106930006417368,0.21848358818670088,0.22130383959571526,0.2206135558208035,0.2177014673041182,0.21388938581073,0.21040124803033838,0.20750274631904625,0.20457562035255986,0.2010000251726664,0.19620418697107642,0.18970209791467735,0.18135223950151283,0.17133626853135164,0.15990572256531796,0.1473600489027406,0.13402920407643956,0.12019861422661127,0.10612794650803414,0.09211501575115018,0.07847684967925116,0.06552472568165114,0.05354374426916236,0.04276463689119508,0.03334018330395598,0.0253392023413361,0.018749697965354372,0.013489834196002666,0.009424635545830807,0.006385615343878175,1,0,0,0,0,0,0,0,0,0,0,0,0,0,0,0,0,0,0,0,0,0,0,0,0,0,0,0,0,0,0,0,0,0,0,0,0,0,0,0,0,0,0,0,0,0,0,0,0,0,0
1999,0,0,0,0,0,0,0,0,0,0,0,0,0,0,0,0.10971816517239585,0.1350727557053044,0.1593319810263856,0.18081244006251523,0.19819285672681092,0.21068140767663207,0.21807367262755095,0.2208766379632658,0.22017447653489147,0.21725612817716058,0.2134431403650707,0.2099588455622162,0.20706780178668557,0.20415025124233652,0.2005848894599875,0.19579854386774298,0.18930411204387657,0.18096204239764074,0.17095838106397176,0.15954815273603695,0.14703294329998928,0.13374313320908157,0.11995895967824702,0.10593184267950313,0.09195402814316371,0.07833992355520826,0.06540087267541105,0.05342447228904695,0.042645178739700494,0.03321937407697272,0.0252187506333066,0.018633099936744352,0.013381194731512742,0.009327638535192783,0.006302812277795277,1,0,0,0,0,0,0,0,0,0,0,0,0,0,0,0,0,0,0,0,0,0,0,0,0,0,0,0,0,0,0,0,0,0,0,0,0,0,0,0,0,0,0,0,0,0,0,0,0,0,0
2000,0,0,0,0,0,0,0,0,0,0,0,0,0,0,0,0.10947553374276657,0.13478790388541298,0.15900901086839841,0.18045732120278912,0.19781272045210022,0.21028381627961276,0.2176659623815934,0.22046530207984644,0.2197647098709431,0.2168516301737457,0.21304606176155783,0.20956986371406963,0.20668670416188564,0.20377645051581814,0.2002174446242976,0.19543620758590163,0.18894557446596305,0.18060834383473573,0.1706147198657787,0.15922295096545191,0.14673651718202918,0.1334859926873871,0.11974567588287996,0.1057578138765633,0.09180875501490086,0.0782105366710102,0.06527528174358772,0.053294123941530804,0.04250634098783172,0.03307279779834958,0.025068593441585883,0.01848544092149954,0.01324248453241765,0.009203392546171196,0.006196753592112858,1,0,0,0,0,0,0,0,0,0,0,0,0,0,0,0,0,0,0,0,0,0,0,0,0,0,0,0,0,0,0,0,0,0,0,0,0,0,0,0,0,0,0,0,0,0,0,0,0,0,0
2001,0,0,0,0,0,0,0,0,0,0,0,0,0,0,0,0.10923465169736186,0.13449968073514035,0.15867858650578542,0.18009278204275778,0.197423967184642,0.20988127595575629,0.2172593992342228,0.22006268314213445,0.21937148128182785,0.21647063133408165,0.21267770707529185,0.20921247190623354,0.20633779514033332,0.2034338239932049,0.19987918962695325,0.1951007392438708,0.18861184174109408,0.18027787825791636,0.17029309715555963,0.15891883302344323,0.14646032741180223,0.13324821195949466,0.11955027704952555,0.105598864675356,0.09167414882665613,0.07808596988940399,0.06514777029430024,0.05315502749229832,0.04235269767946001,0.03290681702316975,0.024896303420070456,0.018314884347947685,0.013081873344060886,0.00905958435989517,0.006074286991291567,1,0,0,0,0,0,0,0,0,0,0,0,0,0,0,0,0,0,0,0,0,0,0,0,0,0,0,0,0,0,0,0,0,0,0,0,0,0,0,0,0,0,0,0,0,0,0,0,0,0,0
2002,0,0,0,0,0,0,0,0,0,0,0,0,0,0,0,0.10900767468698469,0.1342220266097483,0.1583549599547505,0.17973159555764306,0.19703609258224103,0.20947850145962288,0.21685293284976084,0.21966168585461973,0.2189821130290744,0.21609592292819804,0.212317792132087,0.20886500975596928,0.20599958486564363,0.20310213548576386,0.19955176669358285,0.1947758282972617,0.18828838718571836,0.1799574891226025,0.16998142818759945,0.15862461166874267,0.14619402018439243,0.13302029944430066,0.1193643430603964,0.105448049996604,0.09154519640109705,0.0779635225053719,0.06501815740743237,0.05300949284228399,0.04218877827085165,0.03272771531212058,0.024709331745555486,0.01812942438655029,0.012907313719132422,0.008903641884133121,0.005941971997133916,1,0,0,0,0,0,0,0,0,0,0,0,0,0,0,0,0,0,0,0,0,0,0,0,0,0,0,0,0,0,0,0,0,0,0,0,0,0,0,0,0,0,0,0,0,0,0,0,0,0,0
2003,0,0,0,0,0,0,0,0,0,0,0,0,0,0,0,0.1088032358970876,0.1339651949954096,0.1580488805593326,0.17938358179830677,0.19665651171231985,0.20907923043838544,0.2164457513522021,0.21925664749494284,0.21858640941052707,0.2157135957476677,0.21194986641519334,0.2085098773792333,0.20565459120317908,0.20276488976530704,0.19922014343433367,0.19444799241592844,0.18796300343906797,0.1796358927292761,0.16966918488847849,0.15833051791193625,0.14592872210339966,0.13279449672619162,0.11918144872255704,0.10530042713634892,0.09141849704339473,0.07784129898576087,0.06488592678324984,0.05285818928178404,0.04201620096128242,0.032537802170055266,0.024510421655792838,0.01793199829725264,0.012721728891441639,0.008738307572916435,0.005802250358503421,1,0,0,0,0,0,0,0,0,0,0,0,0,0,0,0,0,0,0,0,0,0,0,0,0,0,0,0,0,0,0,0,0,0,0,0,0,0,0,0,0,0,0,0,0,0,0,0,0,0,0
2004,0,0,0,0,0,0,0,0,0,0,0,0,0,0,0,0.10861623819514127,0.1337250987991733,0.1577574928688397,0.17904710223632261,0.19628457166309943,0.20868341444502808,0.21603796969539238,0.21884745985265908,0.21818379552260744,0.21532252880265212,0.21157233795678335,0.20814521468474817,0.20530086919943974,0.2024200924424721,0.19888216774276793,0.19411468356067113,0.18763241629907523,0.1793089771389107,0.16935176561925658,0.1580321739479879,0.145661220946979,0.13256974546402392,0.11900295248744583,0.10515890951837718,0.0912969909258177,0.0777205625090604,0.06474922111098474,0.05269532477620821,0.04182520221121674,0.03232399078501721,0.024284289125981726,0.017706464195819095,0.01250941097565587,0.008549347597989343,0.005643034721053723,1,0,0,0,0,0,0,0,0,0,0,0,0,0,0,0,0,0,0,0,0,0,0,0,0,0,0,0,0,0,0,0,0,0,0,0,0,0,0,0,0,0,0,0,0,0,0,0,0,0,0
2005,0,0,0,0,0,0,0,0,0,0,0,0,0,0,0,0.10843821571182029,0.13349412594668106,0.15747459128082175,0.17871769179217376,0.19591762598883183,0.2082900677924288,0.2156299317590991,0.21843539149756588,0.217776083838749,0.21492477701600346,0.2111873069373641,0.20777307397677275,0.2049403366563676,0.2020693551291628,0.19853889229225774,0.1937760777477953,0.18729558319169284,0.17897443018747847,0.169026062984768,0.15772656230555868,0.14538972463244537,0.13234665342453875,0.11883213813826261,0.10502835018739759,0.09118518169116877,0.07760335398542642,0.0646058639720729,0.05251357673430707,0.041603391125822536,0.03206977476025262,0.024011854721728527,0.017432942504484017,0.012251336139893867,0.008319870276654161,0.005450327122100387,1,0,0,0,0,0,0,0,0,0,0,0,0,0,0,0,0,0,0,0,0,0,0,0,0,0,0,0,0,0,0,0,0,0,0,0,0,0,0,0,0,0,0,0,0,0,0,0,0,0,0
2006,0,0,0,0,0,0,0,0,0,0,0,0,0,0,0,0.10826076185196334,0.13326471975631146,0.15719401648511241,0.17839091913749988,0.19555304831068587,0.20789821222254104,0.2152219788644675,0.21802170177189859,0.21736507401525101,0.21452238123086972,0.2107968595721885,0.2073954941955776,0.20457489902784384,0.2017142791533205,0.19819136319265512,0.19343235041164974,0.18695146980881402,0.1786299580316959,0.16868899474122157,0.15741068987713633,0.14511245481463897,0.13212582429681147,0.11867227161775756,0.104913580567325,0.09108755314165749,0.07749170230334605,0.06445370019152358,0.052305741391120236,0.04133869939605802,0.03175930292375906,0.023675141804489794,0.01709316395268039,0.01193057396221474,0.008035446134902324,0.005212777597964898,1,0,0,0,0,0,0,0,0,0,0,0,0,0,0,0,0,0,0,0,0,0,0,0,0,0,0,0,0,0,0,0,0,0,0,0,0,0,0,0,0,0,0,0,0,0,0,0,0,0,0
2007,0,0,0,0,0,0,0,0,0,0,0,0,0,0,0,0.10807552559645503,0.13302937591695366,0.15690965335332838,0.17806238549512385,0.1951882318252266,0.20750687681392704,0.21481444977263064,0.21760764066121527,0.21695255254676515,0.21411736767722073,0.21040306747889137,0.20701450028937204,0.2042064488797421,0.2013564551552552,0.1978406197417264,0.19308367636115098,0.18659905048789802,0.17827328628468775,0.16833750560169072,0.15708158959391388,0.1448276474870932,0.13190785778232297,0.11852660360145857,0.10481941664003751,0.09100857513332099,0.07738762552186264,0.06429059844286036,0.05206476506792515,0.0410194903128635,0.031377625204827606,0.02325770781496303,0.016671103184440202,0.011533096396842085,0.007685023862461297,0.004922614168578238,1,0,0,0,0,0,0,0,0,0,0,0,0,0,0,0,0,0,0,0,0,0,0,0,0,0,0,0,0,0,0,0,0,0,0,0,0,0,0,0,0,0,0,0,0,0,0,0,0,0,0
2008,0,0,0,0,0,0,0,0,0,0,0,0,0,0,0,0.10786872844891282,0.13277312799636115,0.15660583100587352,0.1777161681821426,0.1948073688183097,0.2071006228188817,0.2143924153574569,0.21717882859261659,0.2165246514655274,0.21369629108535118,0.20999278697788337,0.20661710722251447,0.2038220203289367,0.20098282287580874,0.19747342221422903,0.19271658501857522,0.18622461953254463,0.17789062766405156,0.16795810744393194,0.15672661617159428,0.14452413146143342,0.1316836879258734,0.11838836594519034,0.1047408733916605,0.09094407085824895,0.07728666000750208,0.06411096409521462,0.05178365659054254,0.040637794048193183,0.030916737778754942,0.02275267419204228,0.016162018625537122,0.011056871156938779,0.0072692818403739526,0.004582711314541035,1,0,0,0,0,0,0,0,0,0,0,0,0,0,0,0,0,0,0,0,0,0,0,0,0,0,0,0,0,0,0,0,0,0,0,0,0,0,0,0,0,0,0,0,0,0,0,0,0,0,0
2009,0,0,0,0,0,0,0,0,0,0,0,0,0,0,0,0.10760481569885576,0.13245113963594987,0.15622869332461492,0.17729035305653715,0.1943420174149677,0.206606366413817,0.21388014405643033,0.21665866392322625,0.21600519360652165,0.2131841300209609,0.20949231712375782,0.20613058513040752,0.2033494983792068,0.20052198994862708,0.19701966920475186,0.19226325600395047,0.18576395131972423,0.1774223043975572,0.1674957079812162,0.15629452672153926,0.14415323867056112,0.13140574123659787,0.11821085136739314,0.10463384801116778,0.09085534916605527,0.07715851562801146,0.06389536042217468,0.05145515843191085,0.0401984849996048,0.030392336704452193,0.02218424272146167,0.015595658058337302,0.010534013011910377,0.006819735262219256,0.004221600870817339,1,0,0,0,0,0,0,0,0,0,0,0,0,0,0,0,0,0,0,0,0,0,0,0,0,0,0,0,0,0,0,0,0,0,0,0,0,0,0,0,0,0,0,0,0,0,0,0,0,0,0
2010,0,0,0,0,0,0,0,0,0,0,0,0,0,0,0,0.10724319302429584,0.13201160696209097,0.15571543025044046,0.17671220324922235,0.19371132025374704,0.20593740541717082,0.21318752747374592,0.21595582654339107,0.21530326048992465,0.21249129375286746,0.20881362541378884,0.20546805712501942,0.2027027523139389,0.19988873720616293,0.1963957884981639,0.19164301922538285,0.18514092521699566,0.1767978933180617,0.16688551606609378,0.15572508205884988,0.1436575020568153,0.1310172779959288,0.11793769039856479,0.10444466943700206,0.09069526784616404,0.07696667670616812,0.06362119538670968,0.05107220499288575,0.03970957906853266,0.029825257302876933,0.021582497759147917,0.015007147433382875,0.01000054992595577,0.006369850700763831,0.0038678053636193926,1,0,0,0,0,0,0,0,0,0,0,0,0,0,0,0,0,0,0,0,0,0,0,0,0,0,0,0,0,0,0,0,0,0,0,0,0,0,0,0,0,0,0,0,0,0,0,0,0,0,0
2011,0,0,0,0,0,0,0,0,0,0,0,0,0,0,0,0.1067440256182931,0.13140366196015946,0.1550043365289963,0.1759102366578408,0.1928357966818089,0.20500850291753456,0.21222597632793733,0.21498053772784906,0.2143294724498203,0.21152971119290892,0.20787017181491635,0.20454411163792724,0.2017970927820878,0.19899926505893692,0.19551960687590475,0.19077658292712998,0.18428077530018638,0.17594828930367715,0.16606399778369102,0.15495921075101282,0.14298050084502056,0.13046244195569837,0.11751320432324885,0.10412019220517416,0.09041713602055357,0.0766751070177216,0.06326639912023996,0.05062812669795058,0.03917899214532688,0.029235250754937277,0.020975003883907134,0.014427412253852669,0.009486707274351766,0.005946107090469242,0.003542334942934812,1,0,0,0,0,0,0,0,0,0,0,0,0,0,0,0,0,0,0,0,0,0,0,0,0,0,0,0,0,0,0,0,0,0,0,0,0,0,0,0,0,0,0,0,0,0,0,0,0,0,0
2012,0,0,0,0,0,0,0,0,0,0,0,0,0,0,0,0.1060686802808569,0.13057792944196484,0.1540354802001122,0.17481499420564792,0.1916381922341781,0.20373679515803864,0.21090936257674314,0.21364551494256617,0.2129969404640614,0.210213770982424,0.20657783531906135,0.20327572005096153,0.2005501849343418,0.1977721001800159,0.19431124198442584,0.18958689647469731,0.18311090529957788,0.17480645889281093,0.16496956835320656,0.15393964988468992,0.14206746816764193,0.1296868553636083,0.11688299121963727,0.10360835160259262,0.08997520330522195,0.07624863462680732,0.0628096693604812,0.050116732367845654,0.038614459165136436,0.028640777534184994,0.020386560384198008,0.01388302439551561,0.009016995629012498,0.005568445114375633,0.003259545201358578,1,0,0,0,0,0,0,0,0,0,0,0,0,0,0,0,0,0,0,0,0,0,0,0,0,0,0,0,0,0,0,0,0,0,0,0,0,0,0,0,0,0,0,0,0,0,0,0,0,0,0
2013,0,0,0,0,0,0,0,0,0,0,0,0,0,0,0,0.10519480464986684,0.1295055676808709,0.15277361649255858,0.17338544359553398,0.190072745133033,0.2020731366658038,0.20918660456415483,0.21189904110340238,0.21125426080448598,0.20849291683349216,0.2048870236613917,0.20161399321424686,0.19891358822633848,0.1961593580055894,0.19272383054034833,0.1880289075649392,0.18158910127330824,0.17333368352239836,0.16356681766029504,0.1526334218410344,0.1408865140862946,0.12865818765096326,0.11601396927442784,0.10287701931807702,0.08934120345795349,0.07566598156428929,0.06223907810137775,0.04953619599834399,0.03802312764885779,0.028055332536118582,0.01983362595477445,0.013390125487886022,0.008604779033908532,0.005246190544507847,0.003024644776400583,1,0,0,0,0,0,0,0,0,0,0,0,0,0,0,0,0,0,0,0,0,0,0,0,0,0,0,0,0,0,0,0,0,0,0,0,0,0,0,0,0,0,0,0,0,0,0,0,0,0,0
2014,0,0,0,0,0,0,0,0,0,0,0,0,0,0,0,0.10415932964838909,0.12823256166532035,0.15127352070259095,0.17168425938736678,0.18820862664595184,0.20009146646686657,0.2071345691862813,0.2098192482049967,0.2091795872490994,0.2064445820727584,0.20287422306867778,0.19963472242640895,0.19696267638169204,0.19423586836008513,0.19083112723992696,0.18617439069245023,0.17978395681274914,0.17159437302390318,0.16191557681534552,0.1510959221070703,0.13948914753092576,0.12742482506810607,0.11495156604487629,0.10196781577903982,0.08855156059644172,0.0749569145867182,0.06157658437327976,0.048900145871749,0.03741052971466779,0.027477278328023692,0.019308864249322676,0.012937486676132091,0.008236833374009444,0.004965864134961215,0.002825274060784657,1,0,0,0,0,0,0,0,0,0,0,0,0,0,0,0,0,0,0,0,0,0,0,0,0,0,0,0,0,0,0,0,0,0,0,0,0,0,0,0,0,0,0,0,0,0,0,0,0,0,0
2015,0,0,0,0,0,0,0,0,0,0,0,0,0,0,0,0.10301296735951866,0.12682230523719742,0.149610923618757,0.16979826579417645,0.18614177535840304,0.19789438787393018,0.20485991406126025,0.2075144914827384,0.2068812174473205,0.20417596827835277,0.20064523547514262,0.19744268617812633,0.19480160826442605,0.19210498714451282,0.18873491402547624,0.18412224208059996,0.17778974897419697,0.1696767953747939,0.16009768318773118,0.1494029749372956,0.13794621676843863,0.12605399218730426,0.11375967786382174,0.1009398107051649,0.08765801057005974,0.07416317838074922,0.060851912676211706,0.048225543462654126,0.03678164038788579,0.026901664980050016,0.018800282023292203,0.012509205951368958,0.007896203488634911,0.004711651575258932,0.002648117703292369,1,0,0,0,0,0,0,0,0,0,0,0,0,0,0,0,0,0,0,0,0,0,0,0,0,0,0,0,0,0,0,0,0,0,0,0,0,0,0,0,0,0,0,0,0,0,0,0,0,0,0
2016,0,0,0,0,0,0,0,0,0,0,0,0,0,0,0,0.10180486524001404,0.1253362351961207,0.14785921603679894,0.1678116009767261,0.18396515718623532,0.19558131892898944,0.2024659781653368,0.20508974629057924,0.20446406257127595,0.2017909173791592,0.1983025413760823,0.19513937050131608,0.19253126787930755,0.18986681687930443,0.1865337601556503,0.18196821960478884,0.17569773680372278,0.16766636524110293,0.1581923141878712,0.14762794990560088,0.13632631951112736,0.12461086185889458,0.11250035347108465,0.09985043745647834,0.08671085724317282,0.07332528097456638,0.06009377136209581,0.04752864784572273,0.03614120461548893,0.026323961145178636,0.018297072017241997,0.012091327364159826,0.007568480110137574,0.004470601579947671,0.002482710872301765,1,0,0,0,0,0,0,0,0,0,0,0,0,0,0,0,0,0,0,0,0,0,0,0,0,0,0,0,0,0,0,0,0,0,0,0,0,0,0,0,0,0,0,0,0,0,0,0,0,0,0
2017,0,0,0,0,0,0,0,0,0,0,0,0,0,0,0,0.10058220722258757,0.1238333311733019,0.1460888504605289,0.16580503108280642,0.18176800831867992,0.19324768460802783,0.20005194482498254,0.20264576104335902,0.20202880409540488,0.19938908002984132,0.19594448139350268,0.19282215971234765,0.19024846039860424,0.1876174096052122,0.18432223903397912,0.17980418557224123,0.17359544575348407,0.1656449810558905,0.15627537709476869,0.14584119572336873,0.13469526562952203,0.12315802810067084,0.11123327126277123,0.09875499358198352,0.08575853210331406,0.07248215147950612,0.05932963413732702,0.04682491730992009,0.03549372044541735,0.02574005294512166,0.017789551674626796,0.01167165592970314,0.007241459483182478,0.004232141103104597,0.002320859382403237,1,0,0,0,0,0,0,0,0,0,0,0,0,0,0,0,0,0,0,0,0,0,0,0,0,0,0,0,0,0,0,0,0,0,0,0,0,0,0,0,0,0,0,0,0,0,0,0,0,0,0
2018,0,0,0,0,0,0,0,0,0,0,0,0,0,0,0,0.09938177612942531,0.12235959595009485,0.14435481987117976,0.16384165884706303,0.17962012470108912,0.1909682103293561,0.1976955806602808,0.20026162917674906,0.1996545736514099,0.19704884959478958,0.19364846251759163,0.19056771715409654,0.1880293745544618,0.18543233591576572,0.18217474625925745,0.17770242408995046,0.17155181757473928,0.16367725427038798,0.15440684262870813,0.1440983160691872,0.13310499960750394,0.12174471661023169,0.11000514212447766,0.09769658883798472,0.08483870886324543,0.07166409543677242,0.058581050637366135,0.04612684616599738,0.034843568467124414,0.025148106413943064,0.01727202623412963,0.011242895230656193,0.006907986048924981,0.003990292133740396,0.0021581390484547345,1,0,0,0,0,0,0,0,0,0,0,0,0,0,0,0,0,0,0,0,0,0,0,0,0,0,0,0,0,0,0,0,0,0,0,0,0,0,0,0,0,0,0,0,0,0,0,0,0,0,0
2019,0,0,0,0,0,0,0,0,0,0,0,0,0,0,0,0.09820596235150061,0.12091813978779899,0.14266104550618286,0.16192627193202144,0.17752716891106626,0.1887493909314168,0.19540412268092697,0.19794519724440357,0.19734966383393415,0.1947787907118844,0.1914231542859486,0.18838466840305018,0.1858824873558178,0.18331988408044417,0.18009940334265778,0.1756709696641892,0.16957492189088233,0.16177131145680454,0.1525947047716402,0.1424068156192272,0.13156207676138162,0.120376052555885,0.1088194870549356,0.09667745014336611,0.083952936875236,0.07087271159875048,0.05785032560949113,0.045437866145914205,0.03419540681856669,0.024553794113988513,0.01675072829496309,0.010811259429419427,0.00657369658797312,0.003749704587513377,0.001998028813891756,1,0,0,0,0,0,0,0,0,0,0,0,0,0,0,0,0,0,0,0,0,0,0,0,0,0,0,0,0,0,0,0,0,0,0,0,0,0,0,0,0,0,0,0,0,0,0,0,0,0,0
2020,0,0,0,0,0,0,0,0,0,0,0,0,0,0,0,0.09704896445779748,0.11950185069834669,0.1409992681998583,0.16004973818062737,0.17547948020567053,0.18658140209860144,0.1931679204938579,0.19568723412767766,0.19510537051521687,0.19257070043040606,0.18926071261370628,0.18626529202066192,0.18380001083602204,0.18127218544375884,0.17808841925883806,0.17370242641145411,0.1676581957257612,0.15992168137226956,0.15083442794333216,0.14076259954321546,0.13006212095809333,0.11904657404245271,0.1076694955275816,0.09569004985359555,0.08309415956893562,0.07010276127745776,0.05713515528211398,0.04475915013294856,0.03355371166110781,0.023964108183145986,0.01623400187950061,0.010385207530817182,0.00624613957608594,0.0035163877424556796,0.001844811716084019,1,0,0,0,0,0,0,0,0,0,0,0,0,0,0,0,0,0,0,0,0,0,0,0,0,0,0,0,0,0,0,0,0,0,0,0,0,0,0,0,0,0,0,0,0,0,0,0,0,0,0
2021,0,0,0,0,0,0,0,0,0,0,0,0,0,0,0,0.09590524136794433,0.1181039333342882,0.1393615938236686,0.15820332636569362,0.1734678194091781,0.1844548458833043,0.1909777404912486,0.19347890568157228,0.19291336253060176,0.1904167263382206,0.1871536281139843,0.1842021959855535,0.1817744895677476,0.17928170776594746,0.17613433656651434,0.17178971557347683,0.16579535764778341,0.15812312678673004,0.149121669227064,0.13916174614563526,0.12860094149703777,0.11775104955977302,0.10654863801219717,0.09472716384115085,0.08225560506573203,0.06934922648262909,0.056433340328238185,0.04409179577340709,0.032922636340182644,0.02338541859769113,0.015729262306172637,0.00997202050846712,0.005931554296829751,0.0032950600560864222,0.0017016356420384094,1,0,0,0,0,0,0,0,0,0,0,0,0,0,0,0,0,0,0,0,0,0,0,0,0,0,0,0,0,0,0,0,0,0,0,0,0,0,0,0,0,0,0,0,0,0,0,0,0,0,0
2022,0,0,0,0,0,0,0,0,0,0,0,0,0,0,0,0.09476950355454557,0.11671789718872992,0.13774047843066228,0.15637868853744624,0.17148334901034834,0.18236072930695923,0.18882474379933606,0.19131175276870183,0.19076566024556832,0.1883093457608737,0.18509470567190617,0.18218829705989828,0.17979877933505023,0.1773412332481222,0.17423000940960018,0.16992605466225544,0.16398038960863986,0.1563706298881862,0.14745226677995923,0.13760049665383364,0.12717452204974283,0.11648446372754528,0.10545064786531869,0.09378185153907602,0.08143076797613161,0.06860729719371277,0.055742780905564296,0.04343682848194071,0.032306021919656605,0.02282349313687075,0.015243031816572649,0.009577861803043609,0.005634963422499388,0.0030892732035566416,0.0015706577842282386,1,0,0,0,0,0,0,0,0,0,0,0,0,0,0,0,0,0,0,0,0,0,0,0,0,0,0,0,0,0,0,0,0,0,0,0,0,0,0,0,0,0,0,0,0,0,0,0,0,0,0
2023,0,0,0,0,0,0,0,0,0,0,0,0,0,0,0,0.0936379460849103,0.1153390519862617,0.13613044423551837,0.15456973243504413,0.16951958514482882,0.18029241752836345,0.18670237103460188,0.18917946006351852,0.18865627169948268,0.18624288152585666,0.1830784967072361,0.1802182258029066,0.17786747089164098,0.17544530999005786,0.1723700549979593,0.1681063472365128,0.1622087771413526,0.15466042909863018,0.14582310075016602,0.13607603380568312,0.1257798551406014,0.11524306395835415,0.10437083600730533,0.09284892211328397,0.08061479862474656,0.06787342235404975,0.05506197911328813,0.042795071215968795,0.03170670213743601,0.022282425060299656,0.014779732652635848,0.00920666038260281,0.005359296297057318,0.0029008294333995027,0.0014527272312419087,1,0,0,0,0,0,0,0,0,0,0,0,0,0,0,0,0,0,0,0,0,0,0,0,0,0,0,0,0,0,0,0,0,0,0,0,0,0,0,0,0,0,0,0,0,0,0,0,0,0,0
2024,0,0,0,0,0,0,0,0,0,0,0,0,0,0,0,0.09251184244581961,0.11396887005366599,0.13453309004272418,0.1527780936663188,0.16757810749602695,0.17825135229634956,0.1846118652141615,0.18708304345613316,0.18658599467269488,0.18421795388365447,0.18110550849062942,0.17829245797322943,0.17598107815146805,0.1735945227157444,0.17055512467927594,0.1663312717747981,0.16048115661463602,0.15299306626234663,0.1442346218940388,0.1345887679498909,0.1244173930416791,0.11402743701449389,0.10330995859474794,0.09192924931422315,0.07980858862806445,0.06714839356628706,0.05439150594284451,0.042166763177308116,0.031124495710372565,0.02176156387424499,0.01433825974731261,0.008856949945104576,0.005102889743969942,0.002728068493397361,0.0013463695727418338,1,0,0,0,0,0,0,0,0,0,0,0,0,0,0,0,0,0,0,0,0,0,0,0,0,0,0,0,0,0,0,0,0,0,0,0,0,0,0,0,0,0,0,0,0,0,0,0,0,0,0
2025,0,0,0,0,0,0,0,0,0,0,0,0,0,0,0,0.09139361854004997,0.11261022424431576,0.1329516255809603,0.15100717028528238,0.1656623385313593,0.17624082532057014,0.182556260990051,0.1850252068709877,0.1845571947797321,0.18223664125812555,0.17917763051757166,0.176412827684611,0.17414149187327402,0.1717908586145273,0.16878727010979946,0.164602844710253,0.15879935510811263,0.1513700753310306,0.14268810200577073,0.13313985082069638,0.1230883842904953,0.11283917309410353,0.10227003712888776,0.09102511998923964,0.07901436545353309,0.06643400363856489,0.053732394201106724,0.04155199009054218,0.030558529868014016,0.021259223662206034,0.013916370560705637,0.008526239567881008,0.004863303408455809,0.002568838546757453,0.0012498652357299028,1,0,0,0,0,0,0,0,0,0,0,0,0,0,0,0,0,0,0,0,0,0,0,0,0,0,0,0,0,0,0,0,0,0,0,0,0,0,0,0,0,0,0,0,0,0,0,0,0,0,0
2026,0,0,0,0,0,0,0,0,0,0,0,0,0,0,0,0.09028558554668473,0.11126585091228669,0.1313891073674903,0.14926019736097695,0.1637755356898146,0.17426396862041574,0.18053844473729777,0.1830085210563976,0.18257212026269043,0.18030091854864783,0.17729665851976342,0.17458107938231224,0.1723505124036192,0.17003621175987835,0.1670684479449941,0.16292298902124536,0.15716511344440912,0.1497929152679015,0.14118474827788385,0.13173037470614585,0.12179401504406355,0.11167978862405208,0.10125300612101588,0.0901387270688638,0.07823426493683479,0.06573196599680688,0.05308562162541565,0.04095082276485769,0.030007975345364476,0.020773835807117735,0.013512018554669158,0.008212301946794936,0.004638401332372006,0.0024212970576686053,0.0011617742957434182,1,0,0,0,0,0,0,0,0,0,0,0,0,0,0,0,0,0,0,0,0,0,0,0,0,0,0,0,0,0,0,0,0,0,0,0,0,0,0,0,0,0,0,0,0,0,0,0,0,0,0
2027,0,0,0,0,0,0,0,0,0,0,0,0,0,0,0,0.08918994220326378,0.1099383531202567,0.12984844290048306,0.14754025210665192,0.1619207972940189,0.17232376098306276,0.17856116127882302,0.1810354303219058,0.18063290857968303,0.17841266353386795,0.175464300784011,0.1727988743037179,0.17060985649569643,0.16833239034699554,0.165400527380872,0.16129354178497077,0.15558009331194222,0.14826297638219665,0.13972570879802054,0.13036137733609068,0.12053541374367811,0.11055073102699371,0.10026071785977027,0.08927217394905575,0.07747033506336248,0.0650439178917826,0.052452113412749024,0.04036331812104083,0.029472043976569894,0.020303940273347667,0.013123335180545988,0.007913144327560915,0.0044263125056773515,0.002283864462825143,0.001080888753300055,1,0,0,0,0,0,0,0,0,0,0,0,0,0,0,0,0,0,0,0,0,0,0,0,0,0,0,0,0,0,0,0,0,0,0,0,0,0,0,0,0,0,0,0,0,0,0,0,0,0,0
2028,0,0,0,0,0,0,0,0,0,0,0,0,0,0,0,0.08810805438587593,0.10862933005955581,0.12833138947209574,0.1458491528043934,0.16009989886200227,0.17042184018984294,0.1766258368892637,0.1791071114122092,0.17874049232652034,0.17657260752999465,0.17368115933977482,0.1710667781177001,0.16892013018125354,0.16668006820675701,0.16378422847840243,0.15971520156868196,0.15404486763346775,0.14678064099154753,0.13831120928768853,0.12903304214480005,0.11931288898266183,0.1094526210927676,0.09929417585085157,0.08842672231726927,0.07672384601965634,0.06437084810941622,0.05183233187546781,0.03978928673112626,0.028949915930991037,0.019848228097281866,0.012748732123964516,0.007627120424549746,0.004225519411229754,0.002155276652984738,0.0010062523540215436,1,0,0,0,0,0,0,0,0,0,0,0,0,0,0,0,0,0,0,0,0,0,0,0,0,0,0,0,0,0,0,0,0,0,0,0,0,0,0,0,0,0,0,0,0,0,0,0,0,0,0
2029,0,0,0,0,0,0,0,0,0,0,0,0,0,0,0,0.08703835876300438,0.10733684124376122,0.12683563508602705,0.14418424545545253,0.15830989399381679,0.16855503068129024,0.17472913590737535,0.17722013287379124,0.17689139448921276,0.17477726007899919,0.17194374260892276,0.16938129092097193,0.16727781384246543,0.16507570580896097,0.1622160035729644,0.15818443640196242,0.15255595570511485,0.14534252658875788,0.1369380211057175,0.12774235347112017,0.1181236946962284,0.10838302983312031,0.09835128369017106,0.0876005827321908,0.07599326490906023,0.06371142029102621,0.051225078792702536,0.03922761972661406,0.028440535978123408,0.019405676282544238,0.012387214580434886,0.007353279925600747,0.004035150935002227,0.002034784417910582,9.372720002610843e-4,1,0,0,0,0,0,0,0,0,0,0,0,0,0,0,0,0,0,0,0,0,0,0,0,0,0,0,0,0,0,0,0,0,0,0,0,0,0,0,0,0,0,0,0,0,0,0,0,0,0,0
2030,0,0,0,0,0,0,0,0,0,0,0,0,0,0,0,0.08597865588244602,0.10605817591725335,0.12535798132120365,0.14254190181452525,0.15654680862029755,0.16671911131589898,0.17286669119179046,0.17537006864667107,0.17508118995863456,0.17302222609460519,0.17024768368419793,0.1677380434480809,0.16567850406716042,0.16351485912022407,0.16069138777810515,0.15669680598703656,0.1511090102060434,0.1439444513033563,0.13560218671351765,0.12648562159269824,0.11696443651186698,0.10733886991169278,0.097429262750512,0.08679128536127176,0.07527643180124231,0.06306378372693128,0.050628802184565586,0.038677034290786005,0.027942839688480603,0.018975375989683872,0.012037972158253904,0.007090877605032763,0.0038545259177096944,0.0019217942701521041,8.734707726064247e-4,1,0,0,0,0,0,0,0,0,0,0,0,0,0,0,0,0,0,0,0,0,0,0,0,0,0,0,0,0,0,0,0,0,0,0,0,0,0,0,0,0,0,0,0,0,0,0,0,0,0,0
2031,0,0,0,0,0,0,0,0,0,0,0,0,0,0,0,0.0849268486287777,0.1047907451060927,0.12389536876852085,0.1409186465611775,0.15480683156033295,0.1649100297239324,0.1710343064933186,0.17355266275189035,0.17330562114935855,0.17130327489783181,0.16858877748583537,0.1661328271771328,0.1641179585879983,0.1619932462446283,0.15920607905115133,0.1552480324577041,0.14969984395202546,0.1425823887329536,0.13429989683634028,0.12525929536301067,0.11583184672538016,0.10631716700869265,0.09652543347988024,0.08599644710226835,0.07457126385809104,0.06242615811612931,0.05004201619433629,0.038136310739704936,0.02745582308187445,0.018556476139928932,0.011700249835370383,0.006839221814159228,0.0036830151693014635,0.0018157620227797135,8.144159865850571e-4,1,0,0,0,0,0,0,0,0,0,0,0,0,0,0,0,0,0,0,0,0,0,0,0,0,0,0,0,0,0,0,0,0,0,0,0,0,0,0,0,0,0,0,0,0,0,0,0,0,0,0
2032,0,0,0,0,0,0,0,0,0,0,0,0,0,0,0,0.08388094007768182,0.10353207867928346,0.1224448732205727,0.13931115259575452,0.15308630896059758,0.16312389598201057,0.1692279494937825,0.1717638218338179,0.17156059016322836,0.16961633207964114,0.16696297234936638,0.16456158561214096,0.16259208722375681,0.16050673804363755,0.15775592857601625,0.153833990676407,0.14832442031898965,0.14125245872866893,0.133027481830486,0.12405995435213599,0.11472277737057049,0.10531505393079314,0.09563721055846634,0.08521376765756969,0.07387575210030657,0.06179683074673267,0.04946329839382512,0.03760428970544654,0.026978539526626974,0.018148179965352958,0.01137334416948025,0.00659767039179723,0.0035200371317753503,0.0017161883005730471,7.597147504912329e-4,1,0,0,0,0,0,0,0,0,0,0,0,0,0,0,0,0,0,0,0,0,0,0,0,0,0,0,0,0,0,0,0,0,0,0,0,0,0,0,0,0,0,0,0,0,0,0,0,0,0,0
2033,0,0,0,0,0,0,0,0,0,0,0,0,0,0,0,0.08284004893983307,0.10228104639261894,0.12100511974269135,0.1377178242151648,0.1513834642427456,0.16135880231797498,0.1674456334636128,0.1700015249487894,0.16984407080691108,0.16795937718597506,0.16536824651633453,0.16302227190672536,0.16109879497712823,0.1590531862090685,0.1563387483231713,0.15245248502562314,0.14698058473074607,0.13995259717633443,0.1317830040198616,0.12288580951747682,0.11363559718085446,0.1043310543585913,0.09476326471705208,0.08444206078243839,0.07318885542153519,0.06117491027389485,0.04889190505131725,0.037080355877896,0.026510463947736342,0.01775000569304796,0.01105677908351057,0.006365741057405198,0.0033651214171776444,0.0016226512018880587,7.090282076885855e-4,1,0,0,0,0,0,0,0,0,0,0,0,0,0,0,0,0,0,0,0,0,0,0,0,0,0,0,0,0,0,0,0,0,0,0,0,0,0,0,0,0,0,0,0,0,0,0,0,0,0,0
2034,0,0,0,0,0,0,0,0,0,0,0,0,0,0,0,0.08180735787565595,0.10104140722372652,0.11958039779444044,0.13614340952654697,0.1497034144581171,0.15962013597989955,0.1656929164671997,0.16827141019052802,0.16816170661761304,0.16633800430368142,0.1638101107866185,0.16152030003009415,0.15964339397550695,0.15763779379137946,0.15495962305565603,0.1511084715122322,0.14567315271525158,0.13868746073273086,0.1305709326308809,0.12174110707037758,0.1125742901050429,0.10336884950245158,0.09390693244444062,0.08368428059368621,0.0725131219757528,0.06056253237118058,0.04832956484326269,0.03656584033021214,0.026052540450227278,0.017362528977225976,0.010750800685127012,0.006143418438501038,0.0032180840356532616,0.0015348968688855813,6.621129655620986e-4,1,0,0,0,0,0,0,0,0,0,0,0,0,0,0,0,0,0,0,0,0,0,0,0,0,0,0,0,0,0,0,0,0,0,0,0,0,0,0,0,0,0,0,0,0,0,0,0,0,0,0
2035,0,0,0,0,0,0,0,0,0,0,0,0,0,0,0,0.08078688537791111,0.09981793261346707,0.11817617738265987,0.1345939868065468,0.1480527303848553,0.15791483090178435,0.16397696437624826,0.16658075574596803,0.16652079127162467,0.164759453404584,0.16229571166175466,0.16006271157667654,0.15823281935060096,0.15626738053893474,0.1536252409642555,0.14980848430934285,0.14440847630097103,0.13746318358664253,0.1293971406989615,0.12063141172037209,0.11154406510124505,0.10243324706130916,0.09307257210803548,0.08294428907937988,0.07185188405120298,0.05996248614428206,0.047778527487901415,0.03606246829377527,0.02560599362613543,0.01698651202018442,0.01045577137928882,0.0059307570436118685,0.0030787843595346132,0.0014527015180808532,6.187488236247859e-4,1,0,0,0,0,0,0,0,0,0,0,0,0,0,0,0,0,0,0,0,0,0,0,0,0,0,0,0,0,0,0,0,0,0,0,0,0,0,0,0,0,0,0,0,0,0,0,0,0,0,0
2036,0,0,0,0,0,0,0,0,0,0,0,0,0,0,0,0.07978244810163902,0.09861515969539511,0.11679766640150932,0.1330753507098689,0.1464376848665243,0.15624951609900142,0.16230463793085628,0.16493654004384545,0.16492832806052093,0.16323068579127367,0.16083192947301964,0.15865629390959668,0.15687376268051156,0.1549485318597056,0.15234206346186108,0.14855883656809132,0.14319269041459545,0.13628568597141652,0.1282672916316088,0.11956208575703396,0.11054994005586641,0.10152887976518937,0.09226438597863984,0.0822258101579171,0.07120835058199336,0.05937744781083764,0.04724093668104964,0.03557186440499739,0.025171954388454654,0.016622634328384088,0.010171987096022057,0.005727765265489174,0.0029470568326703693,0.0013758342820846938,5.787199920549949e-4,1,0,0,0,0,0,0,0,0,0,0,0,0,0,0,0,0,0,0,0,0,0,0,0,0,0,0,0,0,0,0,0,0,0,0,0,0,0,0,0,0,0,0,0,0,0,0,0,0,0,0
2037,0,0,0,0,0,0,0,0,0,0,0,0,0,0,0,0.0787976677919822,0.0974374000634315,0.1154498213682361,0.1315930250152454,0.14486426751671197,0.154630532189519,0.16068251085823845,0.16334546119897236,0.16339105036778098,0.16175840532167474,0.1594254001037588,0.15730760218171116,0.155572694144996,0.15368762095525934,0.15111634714810654,0.1473656420738584,0.14203173409738515,0.13516069474204648,0.12718685881958636,0.11853830727442623,0.10959675815540919,0.1006602194517611,0.09148643183756153,0.08153243904108846,0.0705856147620518,0.058809987190660225,0.046718836099662625,0.035095558753588024,0.02475146638530166,0.01627149951871616,0.009899684169452451,0.005534411725435999,0.0028227160942202664,0.0013040606473212666,5.418168167642079e-4,1,0,0,0,0,0,0,0,0,0,0,0,0,0,0,0,0,0,0,0,0,0,0,0,0,0,0,0,0,0,0,0,0,0,0,0,0,0,0,0,0,0,0,0,0,0,0,0,0,0,0
2038,0,0,0,0,0,0,0,0,0,0,0,0,0,0,0,0.07783452199762235,0.09628699243886918,0.11413531248555538,0.13014996579450963,0.1433356643465815,0.1530612346180809,0.15911404809435306,0.16181103997884524,0.16191249197738433,0.16034612850309024,0.15807960557253378,0.15602007925761957,0.15433301647956202,0.1524880048723981,0.1499513934388224,0.14623213289424059,0.14092875304936686,0.13409124943132184,0.12615875450160888,0.11756284056495585,0.10868711671532914,0.09982967860092977,0.09074091135415682,0.08086613205498402,0.0699853565965098,0.05826148760809443,0.04621330257107334,0.03463431986412052,0.024344996949297606,0.015933296281280887,0.009638819095702028,0.005350492504791771,0.0027054833602532333,0.0012371050913408555,5.078183435151002e-4,1,0,0,0,0,0,0,0,0,0,0,0,0,0,0,0,0,0,0,0,0,0,0,0,0,0,0,0,0,0,0,0,0,0,0,0,0,0,0,0,0,0,0,0,0,0,0,0,0,0,0
2039,0,0,0,0,0,0,0,0,0,0,0,0,0,0,0,0.07688912140272283,0.09515920485343499,0.11284857867286881,0.1287398421201437,0.14184487441294027,0.15153408289031156,0.1575913175085976,0.16032509984335153,0.16048436093021926,0.15898554834968076,0.15678628989860088,0.15478555090020746,0.1531466547288799,0.15134173423545763,0.1488394139712404,0.14515072505006546,0.13987641741906665,0.1330703286773586,0.1251763224530443,0.11662945015995124,0.10781525162432945,0.09903200602280615,0.09002311833203754,0.08022275170079604,0.06940402000684313,0.057728970371966656,0.0457219064581742,0.03418621017186112,0.02395102054236258,0.015606823937892209,0.00938844112622458,0.005175256708800824,0.0025947813388432256,0.0011745488913681658,4.764462384529492e-4,1,0,0,0,0,0,0,0,0,0,0,0,0,0,0,0,0,0,0,0,0,0,0,0,0,0,0,0,0,0,0,0,0,0,0,0,0,0,0,0,0,0,0,0,0,0,0,0,0,0,0
2040,0,0,0,0,0,0,0,0,0,0,0,0,0,0,0,0.07595633113000078,0.09404779655663076,0.11158229358929697,0.12735432160404103,0.14038269088181254,0.15003916626841435,0.15610389689277146,0.15887689807081767,0.15909576095014824,0.15766574482073595,0.15553459455943705,0.15359325969458124,0.1520029755047559,0.15023833475273052,0.14777014116169956,0.14411141615357245,0.13886505721376344,0.13208866744905187,0.12423077648636989,0.1157298997128239,0.10697353978380514,0.0982602435167755,0.08932680391986982,0.0795967987113761,0.06883688338920525,0.05720849658402149,0.0452414624862062,0.03374872888241417,0.023567618423018386,0.015290629348260336,0.009147455399690778,0.005007885711051597,0.0024900127877519013,0.0011159781666708942,4.4743573057915505e-4,1,0,0,0,0,0,0,0,0,0,0,0,0,0,0,0,0,0,0,0,0,0,0,0,0,0,0,0,0,0,0,0,0,0,0,0,0,0,0,0,0,0,0,0,0,0,0,0,0,0,0
2041,0,0,0,0,0,0,0,0,0,0,0,0,0,0,0,0.07503125546760057,0.09294680640674045,0.11032944639498636,0.1259854166751679,0.13894027316915553,0.1485669533163888,0.1546417482973494,0.15745607414890772,0.1577361706007563,0.1563761619158799,0.15431401272299283,0.15243278771320518,0.15089167365841125,0.14916765012602412,0.14673361619154218,0.1431045043660832,0.13788529568123048,0.13113728638195465,0.1233136062645837,0.1148562151122884,0.10615460196045319,0.09750765345280471,0.08864591438015486,0.07898294557509454,0.06827937812363198,0.05669626661432019,0.04476891471829472,0.03331949602705895,0.023192983386598236,0.014983359763686475,0.008914854459673006,0.004847634067774943,0.0023906389098641116,0.0010610229650969665,4.205525702607357e-4,1,0,0,0,0,0,0,0,0,0,0,0,0,0,0,0,0,0,0,0,0,0,0,0,0,0,0,0,0,0,0,0,0,0,0,0,0,0,0,0,0,0,0,0,0,0,0,0,0,0,0
2042,0,0,0,0,0,0,0,0,0,0,0,0,0,0,0,0.07410923145806399,0.09185054460812528,0.10908333144517661,0.12462547211537645,0.13750913229748932,0.14710827515833233,0.15319519936975906,0.156052629448534,0.15639542159484757,0.15510658492930512,0.15311436573262727,0.1512940324706616,0.14980274791695306,0.14811981758592882,0.14572016466415003,0.14212056440092916,0.13692802587979855,0.13020746919704848,0.12241655595816547,0.11400066483853456,0.10535128532644945,0.09676770394106145,0.0879745790408751,0.07837602698270753,0.06772708092072396,0.0561886136032639,0.044301330484060444,0.032896246271793515,0.022825413194259247,0.014683755906882721,0.008689711244099715,0.004693822798742106,0.002296173321394308,0.0010093522390961585,3.955891924021772e-4,1,0,0,0,0,0,0,0,0,0,0,0,0,0,0,0,0,0,0,0,0,0,0,0,0,0,0,0,0,0,0,0,0,0,0,0,0,0,0,0,0,0,0,0,0,0,0,0,0,0,0
2043,0,0,0,0,0,0,0,0,0,0,0,0,0,0,0,0.0731870448531545,0.09075505509511403,0.1078392508197575,0.12326908980690665,0.13608324979423478,0.14565660273311876,0.15175733851614115,0.15465939956660155,0.15506621171886642,0.1538496642460987,0.15192831666390558,0.15016969816827339,0.1487289609930971,0.14708768552988213,0.14472275802232212,0.1411527371716226,0.13598661202769494,0.12929286093560716,0.12153360842042195,0.11315762288447175,0.10455840138737477,0.09603568065816741,0.08730858783707798,0.07777236250245632,0.06717685593065392,0.05568294299229658,0.04383662742808699,0.0324773518363899,0.02246365596136619,0.014390858471623642,0.008471288647188388,0.0045458892783346834,0.002206200120956648,9.606777054616193e-4,3.723637185682158e-4,1,0,0,0,0,0,0,0,0,0,0,0,0,0,0,0,0,0,0,0,0,0,0,0,0,0,0,0,0,0,0,0,0,0,0,0,0,0,0,0,0,0,0,0,0,0,0,0,0,0,0
2044,0,0,0,0,0,0,0,0,0,0,0,0,0,0,0,0.07226646427745048,0.08966237335330166,0.10659948009655888,0.12191875257137481,0.13466527963755684,0.14421472363666915,0.15033104902586536,0.15327932651642093,0.15375150728004236,0.15260835991796534,0.15075879379815751,0.14906266121304892,0.14767311965668622,0.14607397296818156,0.14374400983280017,0.14020351489525382,0.13506341245325548,0.1283956832368168,0.12066685943924442,0.1123290803766927,0.10377786414160428,0.09531344891804724,0.08664975346264164,0.07717365761114658,0.06663021808116273,0.05518049297223015,0.04337570284374507,0.03206334787902748,0.02210791347307778,0.014104606390990556,0.008259357991245025,0.004403535410815864,0.002120432038521018,9.147715781124081e-4,3.5072295131894054e-4,1,0,0,0,0,0,0,0,0,0,0,0,0,0,0,0,0,0,0,0,0,0,0,0,0,0,0,0,0,0,0,0,0,0,0,0,0,0,0,0,0,0,0,0,0,0,0,0,0,0,0
2045,0,0,0,0,0,0,0,0,0,0,0,0,0,0,0,0.07135036816240067,0.08857587758789683,0.10536786682861041,0.12057872965939032,0.13325985198531104,0.1427875589451538,0.14892146760370803,0.15191768753136986,0.152456656951001,0.15138803301692436,0.14961112449841577,0.14797818299208565,0.14664039223586003,0.14508372494963903,0.14278880944187913,0.1392775985855012,0.1341629094810397,0.12752018095326811,0.11982031542061566,0.11151881870174572,0.10301325349734573,0.0946044146142093,0.08600129640826759,0.07658287341870236,0.06608976143366636,0.05468338402547453,0.04292013200019246,0.03165525485826601,0.021758710035564618,0.013825138739260582,0.008053809146559102,0.004266533006736711,0.002038624713723656,8.714336324951179e-4,3.3053135644969247e-4,1,0,0,0,0,0,0,0,0,0,0,0,0,0,0,0,0,0,0,0,0,0,0,0,0,0,0,0,0,0,0,0,0,0,0,0,0,0,0,0,0,0,0,0,0,0,0,0,0,0,0
2046,0,0,0,0,0,0,0,0,0,0,0,0,0,0,0,0.07044149574246962,0.08749878783189687,0.10414808462622897,0.11925310456826518,0.13187140380439402,0.14137983354115832,0.14753353591932503,0.15057956952338022,0.1511868264930497,0.15019387084708638,0.14849047228246004,0.14692137090472351,0.14563580233410994,0.14412185018433138,0.14186191712668575,0.1383795661509394,0.13328946688916793,0.12667048382431897,0.11899787053156768,0.11073050982815205,0.10226804314854737,0.09391188140549706,0.08536633992157325,0.07600287971852338,0.0655579954518933,0.054193659818207854,0.04247142313963927,0.031254039149353784,0.021416532183956182,0.013552574977754172,0.007854529353170754,0.004134663833849432,0.0019605500933003285,8.304804070081892e-4,3.1166681150254436e-4,1,0,0,0,0,0,0,0,0,0,0,0,0,0,0,0,0,0,0,0,0,0,0,0,0,0,0,0,0,0,0,0,0,0,0,0,0,0,0,0,0,0,0,0,0,0,0,0,0,0,0
2047,0,0,0,0,0,0,0,0,0,0,0,0,0,0,0,0.06954244922656452,0.08643416873545284,0.10294363664194042,0.11794577928282052,0.130504183903768,0.13999608194573085,0.1461720072120612,0.14926987639994985,0.14994700669395547,0.14903089538908534,0.14740184564708073,0.1458971874363568,0.14466423802506104,0.1431931302337637,0.1409679731612044,0.1375138812286423,0.13244733841853662,0.1258506145725746,0.11820331428683692,0.10996772327971593,0.10154560682435643,0.09323905612333758,0.08474791449463913,0.07543645859332263,0.06503734789634556,0.05371328964317993,0.042031019711669206,0.030860615161816776,0.021081830551714576,0.01328701627793649,0.0076614037032776685,0.00400771916254195,0.0018859952332365322,7.917436671889716e-4,2.94019155623295e-4,1,0,0,0,0,0,0,0,0,0,0,0,0,0,0,0,0,0,0,0,0,0,0,0,0,0,0,0,0,0,0,0,0,0,0,0,0,0,0,0,0,0,0,0,0,0,0,0,0,0,0
2048,0,0,0,0,0,0,0,0,0,0,0,0,0,0,0,0.06865490121887825,0.0853839923332765,0.10175677663018742,0.11665926123863556,0.12916091792773793,0.13863920770242766,0.1448399200411269,0.14799173944773586,0.14874038308091592,0.1479023136633118,0.14634844754143303,0.144908813572652,0.143728842023908,0.14230064898427053,0.14010997857350638,0.1366834360443842,0.13163928172452066,0.12506317879713963,0.11743909680258746,0.10923276196543481,0.10084811698522717,0.09258800140763115,0.08414796843224584,0.07488539834048581,0.064529379356274,0.05324353947880428,0.041599848724654026,0.030475566173937225,0.02075488292922475,0.013028505701255242,0.0074743267661212,0.003885528043305269,0.001814787790533919,7.550867049463109e-4,2.774982905577086e-4,1,0,0,0,0,0,0,0,0,0,0,0,0,0,0,0,0,0,0,0,0,0,0,0,0,0,0,0,0,0,0,0,0,0,0,0,0,0,0,0,0,0,0,0,0,0,0,0,0,0,0
2049,0,0,0,0,0,0,0,0,0,0,0,0,0,0,0,0.0677772926711144,0.08434641076366005,0.10058536331275643,0.1153911199253293,0.12783890120576855,0.13730625921070067,0.14353411486447654,0.14674183963747864,0.14756353069735836,0.14680464814919558,0.14532679656930944,0.14395280552900647,0.1428262429796937,0.14144113692545165,0.13928478929382204,0.13588522891964527,0.13086244726566573,0.12430548067151824,0.11670267011878775,0.10852321506625177,0.10017328623447344,0.09195653879464401,0.08356444429933463,0.07434781893466992,0.06403246843851218,0.05278312301959116,0.041176997598901303,0.03009833010714031,0.020435396672756304,0.012776912449863752,0.007293234360873707,0.003768036074667407,0.001746866816553844,7.204496369471117e-4,2.6205700647442446e-4,1,0,0,0,0,0,0,0,0,0,0,0,0,0,0,0,0,0,0,0,0,0,0,0,0,0,0,0,0,0,0,0,0,0,0,0,0,0,0,0,0,0,0,0,0,0,0,0,0,0,0
2050,0,0,0,0,0,0,0,0,0,0,0,0,0,0,0,0.06690736316944927,0.08331874057562659,0.09942628690916595,0.11413782923062771,0.12653421656800432,0.13599296981212133,0.14225003244132886,0.1455153938739249,0.14641151706592712,0.14573289025295014,0.14433187421227112,0.14302419069998962,0.14195156176838564,0.14060985060848818,0.1384878336067841,0.13511488829385732,0.13011268313865054,0.12357359499077215,0.11599032957256579,0.10783558298099004,0.09951779848342746,0.09134151207811494,0.08299436147024415,0.07382099646714038,0.06354426534046446,0.0523301751256405,0.040761142548081025,0.029728093580948734,0.02012295598885276,0.012532067057781976,0.007118066893266682,0.0036552076135116874,0.0016821893197616219,6.877850592767849e-4,2.476554304706447e-4,1,0,0,0,0,0,0,0,0,0,0,0,0,0,0,0,0,0,0,0,0,0,0,0,0,0,0,0,0,0,0,0,0,0,0,0,0,0,0,0,0,0,0,0,0,0,0,0,0,0,0
2051,0,0,0,0,0,0,0,0,0,0,0,0,0,0,0,0.06604296454290162,0.08229842374578093,0.09827657417764861,0.11289600835882233,0.1252430984189357,0.13469522804145412,0.14098326968889327,0.14430777366124461,0.14527956054560573,0.14468217674881853,0.14335880075077678,0.14211812821747233,0.14110004394763442,0.1398021645752618,0.13771465172837324,0.134368149306909,0.129385939862916,0.12286369544481217,0.11529846619045006,0.10716645860214974,0.0988784267513012,0.09073985045434876,0.08243482051141647,0.07330228323359482,0.06306249026377163,0.0518828924199606,0.040351010225480446,0.02936407895742418,0.019817164284161172,0.012293804120034257,0.006948758509898606,0.0035469967984363207,0.001620703310539709,6.57040113177292e-4,2.3425150515501462e-4,1,0,0,0,0,0,0,0,0,0,0,0,0,0,0,0,0,0,0,0,0,0,0,0,0,0,0,0,0,0,0,0,0,0,0,0,0,0,0,0,0,0,0,0,0,0,0,0,0,0,0
2052,0,0,0,0,0,0,0,0,0,0,0,0,0,0,0,0.06518205873045133,0.0812830250621076,0.09713338526188572,0.11166241808747443,0.12396192835854004,0.1334090725828948,0.1397295739692402,0.1431144987485582,0.1441630233990847,0.14364778236232498,0.14240282748039731,0.1412299009314222,0.14026705163742023,0.13901356326875594,0.1369608878647016,0.13364084610662108,0.12867826301314322,0.12217204763873998,0.1146235601585408,0.10651252129961053,0.09825202773372171,0.0901485637619311,0.08188299917213566,0.07278910447890688,0.06258493079884869,0.051439531123099486,0.03994537586895436,0.029005542840388178,0.019517643254529204,0.012061962234372413,0.006785237949471988,0.0034433490437180397,0.0015623494560886464,6.281578590728955e-4,2.2180187767287618e-4,1,0,0,0,0,0,0,0,0,0,0,0,0,0,0,0,0,0,0,0,0,0,0,0,0,0,0,0,0,0,0,0,0,0,0,0,0,0,0,0,0,0,0,0,0,0,0,0,0,0,0
2053,0,0,0,0,0,0,0,0,0,0,0,0,0,0,0,0.06432362528284173,0.08027130840024074,0.09599525603244294,0.11043536095271114,0.12268877965217345,0.1321323624550742,0.13848661611862398,0.14193308738486915,0.14305931308281997,0.14262704740577672,0.1414612692304648,0.14035683549201713,0.13944995594614357,0.1382414904872383,0.13622408165783917,0.1329306312891863,0.12798742858335865,0.12149655345858074,0.11396363432601875,0.10587190520703144,0.09763683438444966,0.08956597054023409,0.08133731065837768,0.07228001440364669,0.06211034860913693,0.050999120139416945,0.039543559306288584,0.028652065119090173,0.019224156984142822,0.011836401754580525,0.0066273960697605045,0.003344158128849451,0.0015070274079464919,6.010571663855492e-4,2.1025217994737289e-4,1,0,0,0,0,0,0,0,0,0,0,0,0,0,0,0,0,0,0,0,0,0,0,0,0,0,0,0,0,0,0,0,0,0,0,0,0,0,0,0,0,0,0,0,0,0,0,0,0,0,0
2054,0,0,0,0,0,0,0,0,0,0,0,0,0,0,0,0.06347029059320218,0.07926636159064243,0.09486571289227867,0.1092187641244711,0.12142793045982689,0.13086966781522721,0.13725919291045283,0.1407684958426217,0.14197348191093198,0.14162506447486148,0.1405392139787075,0.1395039825844478,0.1386537414075921,0.1374908310566458,0.13550898077637627,0.13224207609631025,0.12731779323799433,0.12084132949054077,0.11332256045768792,0.10524824980809379,0.0970362791587315,0.08899532741971393,0.08080082370407302,0.07177781046999923,0.061641148607100404,0.05056355490578233,0.039146876178166506,0.02830439062854986,0.018936971039951758,0.01161705552635029,0.006474992886394562,0.0032491446195017544,0.0014545013907631982,5.75576994798213e-4,1.9951049103633404e-4,1,0,0,0,0,0,0,0,0,0,0,0,0,0,0,0,0,0,0,0,0,0,0,0,0,0,0,0,0,0,0,0,0,0,0,0,0,0,0,0,0,0,0,0,0,0,0,0,0,0,0
2055,0,0,0,0,0,0,0,0,0,0,0,0,0,0,0,0.06262543240661383,0.07827217340641476,0.0937493343162273,0.10801775474581622,0.12018499856304188,0.12962702471707863,0.1360536751145054,0.13962734069604288,0.14091230530732748,0.14064868888122647,0.13964353090414044,0.13867817462343213,0.13788515834221415,0.13676820272817375,0.13482201602262323,0.13158136901513026,0.12667525075976865,0.12021194055372175,0.11270556858620315,0.10464646788098453,0.0964549921677449,0.08844102447852042,0.0802776719589642,0.07128625582356572,0.06118055764919409,0.05013536824996001,0.0387570759042767,0.027963509055681953,0.0186564517864745,0.011403871014112976,0.006327768130317667,0.0031580062134584416,0.0014045225470763923,5.515525687328786e-4,0.00018948582091381341,1,0,0,0,0,0,0,0,0,0,0,0,0,0,0,0,0,0,0,0,0,0,0,0,0,0,0,0,0,0,0,0,0,0,0,0,0,0,0,0,0,0,0,0,0,0,0,0,0,0,0
2056,0,0,0,0,0,0,0,0,0,0,0,0,0,0,0,0.061792250099676045,0.07729253259015949,0.092650481916005,0.10683723191390253,0.11896536850854748,0.1284102366628322,0.13487620695077224,0.13851602232197868,0.13988235593835813,0.1397045883491464,0.13878091719950772,0.1378860869545003,0.1371508135163647,0.13608009138109173,0.13416949581913673,0.13095458320046058,0.12606558410964455,0.11961384299963686,0.11211778119630493,0.10407136479325395,0.09589749601443746,0.0879073444391755,0.07977188290688454,0.07080901066257493,0.06073170582291225,0.04971700647715017,0.038375836826628186,0.02763035976529089,0.018382939240284387,0.011196792278213756,0.0061854752681704105,0.003070462789476703,0.0013568643723229695,5.288364764879446e-4,1.8009815192769217e-4,1,0,0,0,0,0,0,0,0,0,0,0,0,0,0,0,0,0,0,0,0,0,0,0,0,0,0,0,0,0,0,0,0,0,0,0,0,0,0,0,0,0,0,0,0,0,0,0,0,0,0
2057,0,0,0,0,0,0,0,0,0,0,0,0,0,0,0,0.06097376994042367,0.07633103415878707,0.09157330783362297,0.10568187518831114,0.11777420123688276,0.1272248853310746,0.13373271786357352,0.13744073763213202,0.1388900172824709,0.13879925727647008,0.13795791286223905,0.13713425300841728,0.13645718548546706,0.1354328663653062,0.13355762135311822,0.13036769122652678,0.12549447960754492,0.11905239816280816,0.11156422580460873,0.10352765008882123,0.09536821627733173,0.08739847193777896,0.07928738581225166,0.07034963883292066,0.060297631805551505,0.0493108337165991,0.03800476973817861,0.02730583451883201,0.01811674877895298,0.010995760434343919,0.00604788068491188,0.002986254639208424,0.0013113205793029523,5.072967408703646e-4,1.7127704539310985e-4,1,0,0,0,0,0,0,0,0,0,0,0,0,0,0,0,0,0,0,0,0,0,0,0,0,0,0,0,0,0,0,0,0,0,0,0,0,0,0,0,0,0,0,0,0,0,0,0,0,0,0
2058,0,0,0,0,0,0,0,0,0,0,0,0,0,0,0,0.06017113519016599,0.07538897960364331,0.0905192663495732,0.10455329000152071,0.116613254744468,0.12607288282210682,0.1326252718892127,0.13640369280411746,0.13793761824355924,0.13793511923031432,0.13717700174687963,0.13642517863365675,0.1358067633505447,0.13482896364699137,0.13298874279406803,0.12982293045885945,0.1249640425039711,0.11852957304184342,0.11104674075956855,0.10301705509350195,0.09486880680242939,0.086916015269386,0.07882573677827111,0.06990957543106956,0.05987954759293821,0.04891774194007218,0.03764439354040089,0.02699009671258442,0.01785777237701303,0.010800514565818922,0.0059146840175344426,0.0029051208399208713,0.0012677044750317565,4.8682024244255654e-4,1.6296398344042677e-4,1,0,0,0,0,0,0,0,0,0,0,0,0,0,0,0,0,0,0,0,0,0,0,0,0,0,0,0,0,0,0,0,0,0,0,0,0,0,0,0,0,0,0,0,0,0,0,0,0,0,0
2059,0,0,0,0,0,0,0,0,0,0,0,0,0,0,0,0.059378643720741225,0.07445926930821528,0.08947985936346634,0.10344166611920318,0.11547157186559698,0.12494234992853973,0.13154132620425818,0.1353919357337354,0.13701201209130454,0.1370989894616994,0.13642505054070653,0.1357458039524089,0.13518656779524935,0.13425552890500173,0.13245021357827363,0.12930797986443535,0.12446242236771335,0.11803412121610439,0.11055477289623902,0.10252976765274609,0.0943902088010533,0.08645165540658507,0.07837937764309369,0.06948211268608415,0.059471713856088404,0.048533057791795294,0.03729113085401578,0.026680595581725672,0.017604324068400245,0.010610021611994766,0.005785294512231251,0.0028267420371227087,0.0012258507420132556,4.67324913092506e-4,1.5512057544948133e-4,1,0,0,0,0,0,0,0,0,0,0,0,0,0,0,0,0,0,0,0,0,0,0,0,0,0,0,0,0,0,0,0,0,0,0,0,0,0,0,0,0,0,0,0,0,0,0,0,0,0,0
2060,0,0,0,0,0,0,0,0,0,0,0,0,0,0,0,0.058589211776918185,0.07353308634097819,0.08844452660265746,0.10233479450574018,0.11433548545662173,0.12381842680082682,0.1304651383505502,0.13438915156794137,0.13609657867567837,0.13627414311383548,0.1356853512098195,0.13507947848023338,0.134580029082541,0.13369614230790813,0.1319258799016906,0.12880711007399012,0.12397450455598452,0.11755171397128525,0.11007488965176991,0.10205330515191713,0.09392089607630139,0.08599479540773056,0.07793866716908317,0.06905869343682984,0.05906682959823682,0.048150880118011705,0.0369405265715664,0.02637422512937581,0.01735441893756543,0.010423122096028472,0.005659089879414364,0.0027508063321042024,0.0011856096765915551,4.4874062647538675e-4,1.4771500659260572e-4,1,0,0,0,0,0,0,0,0,0,0,0,0,0,0,0,0,0,0,0,0,0,0,0,0,0,0,0,0,0,0,0,0,0,0,0,0,0,0,0,0,0,0,0,0,0,0,0,0,0,0
2061,0,0,0,0,0,0,0,0,0,0,0,0,0,0,0,0.057796129032548,0.07260204812225335,0.08740319113150864,0.10122098238031613,0.11319185942926147,0.12268678153284894,0.12938147499211558,0.13337950399924423,0.13517513890015326,0.13544425656802742,0.13494155869266097,0.13440988094116135,0.13397087850670336,0.13313466235151528,0.13139984903265614,0.1283048409022396,0.12348541670480365,0.11706826153323395,0.10959389550318582,0.10157541973715657,0.09344957324148773,0.08553506282653628,0.07749418056218915,0.0686309680408085,0.05865779108888346,0.04776549166684487,0.03658829064091102,0.026068018783408163,0.01710618050583574,0.010238732761458135,0.005535495590299486,0.002677028326212169,0.0011468446475119422,4.310031035207863e-4,1.407179159942735e-4,1,0,0,0,0,0,0,0,0,0,0,0,0,0,0,0,0,0,0,0,0,0,0,0,0,0,0,0,0,0,0,0,0,0,0,0,0,0,0,0,0,0,0,0,0,0,0,0,0,0,0
2062,0,0,0,0,0,0,0,0,0,0,0,0,0,0,0,0.05699305870414902,0.07165820695960674,0.08634626024170912,0.10008905427797914,0.11202808969969169,0.12153361066105793,0.12827561162782664,0.13234763392152987,0.13423195216385328,0.13459340364103076,0.13417768593780177,0.1337210133249403,0.13334314169039294,0.13255521862147804,0.13085648176734077,0.1277859337140505,0.12298052120025955,0.11656990586565041,0.10909882537749434,0.10108409265719372,0.09296517132236935,0.08506230688971894,0.07703670830050122,0.06819079448964421,0.05823769254377966,0.047371359461628265,0.036230297425751096,0.02575914751436254,0.016857837937010733,0.010055843540503696,0.005413982266370001,0.0026051472870934895,0.0011094310343775786,4.140534020022599e-4,1.3410218878749864e-4,1,0,0,0,0,0,0,0,0,0,0,0,0,0,0,0,0,0,0,0,0,0,0,0,0,0,0,0,0,0,0,0,0,0,0,0,0,0,0,0,0,0,0,0,0,0,0,0,0,0,0
2063,0,0,0,0,0,0,0,0,0,0,0,0,0,0,0,0.05617684091238763,0.07069757114575591,0.08526887042900118,0.0989332814976468,0.1108376373453032,0.12035166371927734,0.12713971811339297,0.13128527697211134,0.13325845704040568,0.13371284002324174,0.13338488697959996,0.13300397204278488,0.13268789337342246,0.13194892345897502,0.13028701146035432,0.12724184766333899,0.12245162267959278,0.11604890114122586,0.10858244698197737,0.1005726329327918,0.09246153891209337,0.0845708939147726,0.07656114852515791,0.06773368257911373,0.057802761246366206,0.046965510792498284,0.03586438771107473,0.025446184668263386,0.016608538878990532,0.009873990714142826,0.005294312481083224,0.0025350412537892787,0.0010733024756689972,3.978541618901615e-4,1.2784783838348866e-4,1,0,0,0,0,0,0,0,0,0,0,0,0,0,0,0,0,0,0,0,0,0,0,0,0,0,0,0,0,0,0,0,0,0,0,0,0,0,0,0,0,0,0,0,0,0,0,0,0,0,0
2064,0,0,0,0,0,0,0,0,0,0,0,0,0,0,0,0.0553555636689731,0.06973026805350677,0.08418317161897432,0.09776768442162159,0.10963612447773918,0.11915781372521014,0.12599152857077772,0.13021065827758269,0.1322730715480014,0.1328209735275119,0.13258146032537296,0.13227694816905539,0.13202323550339118,0.13133374230995468,0.1297091530129961,0.12668987204773466,0.12191536164997797,0.11552103052334449,0.1080595455539037,0.10005475290993128,0.09195129731712319,0.08407237831872608,0.07607797345311589,0.0672689225315085,0.05736096977961073,0.04655448429708956,0.035495620479761264,0.025132774540355278,0.016360693222890306,0.009694611598163958,0.0051772414359411685,0.0024670477621979315,0.0010385793321950098,3.824341069383324e-4,1.21955172875416e-4,1,0,0,0,0,0,0,0,0,0,0,0,0,0,0,0,0,0,0,0,0,0,0,0,0,0,0,0,0,0,0,0,0,0,0,0,0,0,0,0,0,0,0,0,0,0,0,0,0,0,0
2065,0,0,0,0,0,0,0,0,0,0,0,0,0,0,0,0.05453960097416604,0.06876933494343929,0.08310487071668708,0.09661047222143532,0.10844394088404356,0.11797419576716271,0.1248544276301848,0.12914793115881082,0.13130032115545862,0.13194242247257795,0.13179197003889678,0.13156443538908358,0.13137359641528348,0.13073395584225023,0.12914686809879555,0.1261533969810417,0.12139424097402329,0.11500761803020133,0.10755007233478298,0.09954893058909417,0.09145143102568684,0.08358228977092508,0.07560123782814825,0.06680895118509625,0.0569229432879366,0.04614693151057277,0.03513061983732667,0.024823623657125895,0.016117362211715485,0.00951949898346825,0.005063694218205908,0.002401574275926918,0.001005406436720052,3.678292851699507e-4,1.1642650617871206e-4,1,0,0,0,0,0,0,0,0,0,0,0,0,0,0,0,0,0,0,0,0,0,0,0,0,0,0,0,0,0,0,0,0,0,0,0,0,0,0,0,0,0,0,0,0,0,0,0,0,0,0
2066,0,0,0,0,0,0,0,0,0,0,0,0,0,0,0,0.053738736057118576,0.06782711217127077,0.08204889123735506,0.09547901185357027,0.10728060714478117,0.11682208048804116,0.1237509681174497,0.12812047045353028,0.13036401800201983,0.13110116053012447,0.1310404008498739,0.1308904048275852,0.13076292849950932,0.13017340587638543,0.12862370749730367,0.12565542089086543,0.12091038313681732,0.1145296127907871,0.10707360627929957,0.09907327406087958,0.09097855879677973,0.08311579944623143,0.07514464799359985,0.06636586955536776,0.05649898710401689,0.045751205788102586,0.03477574161131923,0.024523209830498903,0.015881425874313734,0.009350314778580416,0.004954511394463588,0.002338980438336623,9.739054679201071e-4,3.5406644713499965e-4,1.1126121406523105e-4,1,0,0,0,0,0,0,0,0,0,0,0,0,0,0,0,0,0,0,0,0,0,0,0,0,0,0,0,0,0,0,0,0,0,0,0,0,0,0,0,0,0,0,0,0,0,0,0,0,0,0
2067,0,0,0,0,0,0,0,0,0,0,0,0,0,0,0,0.052962179572165154,0.06691526560370367,0.08102939993571195,0.094389858723184,0.10616480901404624,0.11572191176078023,0.1227029115345098,0.12715091529944228,0.1294873055304229,0.13032056283833604,0.13035020549002327,0.13027835347912517,0.1302147575753715,0.12967554535669518,0.12816286112238845,0.12521859989632736,0.12048557815136676,0.11410763461731685,0.10664939647382868,0.0986455600477491,0.09054896773013356,0.08268774917088499,0.07472158603469427,0.06595146248163086,0.05609910289336713,0.04537537616126352,0.034437085962392686,0.024235794013729516,0.01565559395315191,0.00918859941539039,0.004850456308451543,0.002279583051566091,9.441778788459638e-4,3.411645025531567e-4,1.0645633328888958e-4,1,0,0,0,0,0,0,0,0,0,0,0,0,0,0,0,0,0,0,0,0,0,0,0,0,0,0,0,0,0,0,0,0,0,0,0,0,0,0,0,0,0,0,0,0,0,0,0,0,0,0
2068,0,0,0,0,0,0,0,0,0,0,0,0,0,0,0,0.05221548175342649,0.06604086144263188,0.08005502818279102,0.09335316409885519,0.10510808181484907,0.11468639893940036,0.12172388255216932,0.12625353944618767,0.12868487418877922,0.12961556077688027,0.12973645033571785,0.1297434501073024,0.1297443311136955,0.12925561894433066,0.12777942984745785,0.12485769620250983,0.1201340145140293,0.11375508604377106,0.10628992247327185,0.09827727955439781,0.09017315513444352,0.08230768094021841,0.07434063518141715,0.06557326386599864,0.055729650031753106,0.04502452731915385,0.03411844158357273,0.023963962722400707,0.015441452932207809,0.00903520296225135,0.004751908119744256,0.002223507890803853,9.162415460521086e-4,3.2911077284498687e-4,1.0199882658174268e-4,1,0,0,0,0,0,0,0,0,0,0,0,0,0,0,0,0,0,0,0,0,0,0,0,0,0,0,0,0,0,0,0,0,0,0,0,0,0,0,0,0,0,0,0,0,0,0,0,0,0,0
2069,0,0,0,0,0,0,0,0,0,0,0,0,0,0,0,0.05149155544368294,0.06519492301716975,0.0791149009347644,0.09235627733733563,0.10409623966816793,0.11370014756398426,0.12079764937520301,0.1254116319503957,0.1279398265946556,0.12896927290248422,0.12918237142889116,0.12926905087537688,0.12933510705869886,0.12889722311070997,0.12745724215021306,0.12455691662565388,0.11984046698346658,0.1134574929072439,0.10598159470246957,0.09795581192109847,0.08983950954884126,0.08196499822649095,0.07399224449112535,0.06522285412192325,0.055383440426034554,0.04469277265375005,0.033815225625084114,0.023704348770212883,0.015236681033196692,0.008888631003186919,0.004657974193749732,0.0021702637824165837,8.898499024421998e-4,3.1779373117712153e-4,9.78439044189504e-5,1,0,0,0,0,0,0,0,0,0,0,0,0,0,0,0,0,0,0,0,0,0,0,0,0,0,0,0,0,0,0,0,0,0,0,0,0,0,0,0,0,0,0,0,0,0,0,0,0,0,0
2070,0,0,0,0,0,0,0,0,0,0,0,0,0,0,0,0.05078065382276357,0.0643650529058195,0.07819392884610635,0.09138155684028074,0.10310939444952023,0.11274145550412487,0.11990120015965157,0.12460136788802062,0.1272279391541268,0.12835737170842546,0.12866369458826285,0.12883095450704624,0.1289629494996483,0.1285763626827633,0.1271726046114741,0.12429310990416272,0.11958263039987113,0.11319368434458861,0.10570458095764472,0.09766278588064872,0.08953117062178326,0.0816443461687699,0.07366260118176415,0.06488809051281615,0.05505015516309362,0.0443717248839611,0.03352098355103423,0.023452288573167012,0.015038135398780815,0.008746919942998555,0.004567523879890241,0.0021192545796476082,8.647173589715568e-4,3.070902885319293e-4,9.394441364718861e-5,1,0,0,0,0,0,0,0,0,0,0,0,0,0,0,0,0,0,0,0,0,0,0,0,0,0,0,0,0,0,0,0,0,0,0,0,0,0,0,0,0,0,0,0,0,0,0,0,0,0,0
2071,0,0,0,0,0,0,0,0,0,0,0,0,0,0,0,0.0500735514082059,0.06353946788329289,0.07727770993957782,0.09041209430354591,0.10212840635417941,0.11178935370914293,0.11901221501375395,0.1237995547323821,0.1265255514498853,0.12775602192369745,0.1281565715269427,0.1284053283438181,0.12860404437119008,0.12826932785109119,0.1269020830713515,0.12404336835099507,0.11933843742397181,0.11294272932530548,0.10543929520969754,0.09738008380645148,0.08923153768962241,0.08133063257444706,0.07333815533787746,0.06455709115305132,0.0547197308402747,0.044053241193222216,0.03322948597687815,0.02320331498838021,0.014842833158039848,0.008608226264306585,0.0044795086536581884,0.0020699347926325024,8.405862228425435e-4,2.968909297408814e-4,9.025897368728822e-5,1,0,0,0,0,0,0,0,0,0,0,0,0,0,0,0,0,0,0,0,0,0,0,0,0,0,0,0,0,0,0,0,0,0,0,0,0,0,0,0,0,0,0,0,0,0,0,0,0,0,0
2072,0,0,0,0,0,0,0,0,0,0,0,0,0,0,0,0.04936152886208852,0.0627069804099025,0.07635250773947946,0.08943168952573365,0.10113485546634354,0.11082357467692588,0.11810903157040456,0.12298359528895153,0.12580952682384763,0.12714183903177295,0.12763753656458426,0.12796866344408553,0.12823485318781921,0.12795264699032025,0.12662245518832924,0.12378498097467702,0.11908601315043159,0.11268389368673837,0.10516635788697572,0.09708980591395451,0.0889242383943633,0.0810090012759116,0.07300559799490618,0.06421821732146411,0.05438234521045358,0.043729411130793254,0.03293471788924862,0.02295314735151337,0.014647942305761765,0.008470818622953794,0.004392955841334892,0.002021805122597295,8.17223890763135e-4,2.870981737567125e-4,8.67512470228413e-5,1,0,0,0,0,0,0,0,0,0,0,0,0,0,0,0,0,0,0,0,0,0,0,0,0,0,0,0,0,0,0,0,0,0,0,0,0,0,0,0,0,0,0,0,0,0,0,0,0,0,0
2073,0,0,0,0,0,0,0,0,0,0,0,0,0,0,0,0.048638458043762836,0.06185966959820654,0.07540852644482801,0.08842870914812215,0.10011542638868957,0.10982937556561177,0.11717580055486097,0.12213686800240514,0.1250627645738319,0.12649746436534548,0.127089104369652,0.1275033843862853,0.12783773006143961,0.1276086873967894,0.12631625211602787,0.12350085557544413,0.1188089031472661,0.11240160286821477,0.10487124032980906,0.09677856219373088,0.08859705106082524,0.08066838169752759,0.07265502749235103,0.06386282925236032,0.05403073307702307,0.0433944164617349,0.03263229110836001,0.022698696012681593,0.014451444478613126,0.008333479372661039,0.0043071894563283,0.0019745213672635108,7.944703634124554e-4,2.776446524143024e-4,8.339584665154985e-5,1,0,0,0,0,0,0,0,0,0,0,0,0,0,0,0,0,0,0,0,0,0,0,0,0,0,0,0,0,0,0,0,0,0,0,0,0,0,0,0,0,0,0,0,0,0,0,0,0,0,0
2074,0,0,0,0,0,0,0,0,0,0,0,0,0,0,0,0.047906816819684526,0.06100060905978129,0.07444941592334797,0.08740732023157766,0.09907471300911029,0.10881166767106946,0.11621763570989405,0.12126458430587259,0.12429049175555286,0.12582808568208537,0.12651639634129594,0.12701454493114808,0.1274176662831822,0.1272423722053596,0.12598831292290907,0.12319572234660595,0.1185116961736849,0.1121002643799922,0.10455812421457812,0.09645026401618641,0.08825357695289013,0.0803120328417675,0.07228933586426761,0.0634934361257139,0.05366701667696169,0.04304999950226077,0.03232358280353435,0.02244099447196782,0.014254061757060447,0.00819666707871995,0.004222467049291259,0.0019282074084740924,7.72374489061085e-4,2.685449448967794e-4,8.019533765927858e-5,1,0,0,0,0,0,0,0,0,0,0,0,0,0,0,0,0,0,0,0,0,0,0,0,0,0,0,0,0,0,0,0,0,0,0,0,0,0,0,0,0,0,0,0,0,0,0,0,0,0,0
2075,0,0,0,0,0,0,0,0,0,0,0,0,0,0,0,0.04717100161416326,0.06013534774283418,0.07348188285013062,0.08637531631331537,0.0980214577453542,0.10777995539538016,0.11524459102427138,0.12037714154946051,0.12350327760598796,0.12514432101092793,0.12593001064496376,0.12651270858090563,0.12698518737914016,0.12686415593665132,0.1256489583431601,0.12287967865104202,0.11820415498428068,0.11178919183267846,0.1042357742895802,0.09611304776280125,0.08790126773016332,0.07994668776041954,0.07191450427426466,0.06311522567575434,0.05329555859653299,0.04269969041545314,0.03201131626130103,0.022182022462609606,0.014057131018089775,0.008061205627050646,0.004139242518395868,0.0018830815293680804,7.5102529410811e-4,2.5982863131676225e-4,7.715716462669356e-5,1,0,0,0,0,0,0,0,0,0,0,0,0,0,0,0,0,0,0,0,0,0,0,0,0,0,0,0,0,0,0,0,0,0,0,0,0,0,0,0,0,0,0,0,0,0,0,0,0,0,0
2076,0,0,0,0,0,0,0,0,0,0,0,0,0,0,0,0.04643517564796305,0.0592691604152581,0.072512327512532,0.08534016443048244,0.0969640701394076,0.10674341741117732,0.11426641357357856,0.1194846574517618,0.1227114436587457,0.12445657370190057,0.125340361979982,0.12600828264204178,0.12655068514265239,0.12648437689102113,0.1253084052522234,0.12256272507644064,0.11789594750177794,0.11147760179827336,0.10391285361398918,0.09577494275682402,0.08754746346093777,0.07957896544921644,0.0715363996136077,0.06273327297695568,0.052920612124182274,0.04234691547202396,0.03169811893882751,0.02192367525885273,0.013861919362874507,0.007927865960588332,0.004057933610984334,0.0018393402298957694,7.305004380431363e-4,2.51520249673502e-4,7.428690748678258e-5,1,0,0,0,0,0,0,0,0,0,0,0,0,0,0,0,0,0,0,0,0,0,0,0,0,0,0,0,0,0,0,0,0,0,0,0,0,0,0,0,0,0,0,0,0,0,0,0,0,0,0
2077,0,0,0,0,0,0,0,0,0,0,0,0,0,0,0,0.045703266847142245,0.05840704435778798,0.07154683915679338,0.084308999140507,0.09591061973239437,0.1057108987069483,0.113292535133747,0.1185969616835759,0.12192505563015349,0.12377502483552509,0.124757674604896,0.12551151183450504,0.12612441173973832,0.12611325167150575,0.12497676154458245,0.12225476062976746,0.11759664232174029,0.11117460958700341,0.10359791948694634,0.09544386717280261,0.08719938832075877,0.07921536616222884,0.07116076947650717,0.06235253544852459,0.0525463168279359,0.04199499373881446,0.031386520625173386,0.021667763363842463,0.013669625052491747,0.007797367748675124,0.003978923753178512,0.0017971597729948767,7.108672738898258e-4,2.4363989374664554e-4,7.158855851838362e-5,1,0,0,0,0,0,0,0,0,0,0,0,0,0,0,0,0,0,0,0,0,0,0,0,0,0,0,0,0,0,0,0,0,0,0,0,0,0,0,0,0,0,0,0,0,0,0,0,0,0,0
2078,0,0,0,0,0,0,0,0,0,0,0,0,0,0,0,0.04497830202682431,0.057552870199831546,0.07059015438277681,0.08328738992157653,0.09486742458323193,0.10468934170977724,0.11233037431523074,0.11772180032905491,0.12115206010649746,0.12310772763951922,0.124190053548112,0.12503053799804384,0.1257145370011427,0.12575894157805284,0.12466211550443408,0.12196371089229867,0.11731389304066099,0.11088748994321602,0.10329778360396431,0.09512611120614986,0.08686277846427697,0.07886106209566232,0.07079220602849204,0.06197698849651668,0.05217599321464459,0.04164657046713887,0.03107850415875574,0.021415663776752213,0.01348111785754498,0.0076701987768850914,0.0039024477328256555,0.0017566318312326544,6.921512266065217e-4,2.3618985730050488e-4,6.905973625803039e-5,1,0,0,0,0,0,0,0,0,0,0,0,0,0,0,0,0,0,0,0,0,0,0,0,0,0,0,0,0,0,0,0,0,0,0,0,0,0,0,0,0,0,0,0,0,0,0,0,0,0,0
2079,0,0,0,0,0,0,0,0,0,0,0,0,0,0,0,0.044260494751430096,0.056706935912535665,0.06964264740002267,0.08227576799215897,0.09383494597439496,0.10367920798322877,0.11138036545314825,0.11685956187312707,0.12039279469697789,0.12245497718872567,0.12363777130147485,0.12456564027280151,0.1253213713318246,0.1254217949496861,0.12436484148140844,0.12168994676627823,0.11704802445944411,0.11061649322847446,0.10301262895961584,0.09482182619359873,0.08653780855945699,0.07851631506107613,0.07043108465463702,0.061607079174229605,0.051810071345012136,0.04130195832745886,0.03077419408073004,0.021167305061478098,0.013296185626920613,0.007546092570525863,0.0038282622724882926,0.0017175788047639696,6.742454628018896e-4,2.29116677407141e-4,6.667816202624678e-5,1,0,0,0,0,0,0,0,0,0,0,0,0,0,0,0,0,0,0,0,0,0,0,0,0,0,0,0,0,0,0,0,0,0,0,0,0,0,0,0,0,0,0,0,0,0,0,0,0,0,0
2080,0,0,0,0,0,0,0,0,0,0,0,0,0,0,0,0.04354939853783113,0.05586869547583089,0.06870365600265572,0.08127333796522705,0.09281224121580993,0.10267939965663493,0.11044125641106778,0.11600885218314168,0.11964574739305996,0.12181517660189296,0.12309918440298517,0.12411516906651994,0.12494329259478947,0.12510023549050772,0.12408341133275874,0.12143197504583386,0.11679755353242664,0.11036013879445526,0.1027410075445541,0.09452965571207941,0.08622328963280815,0.07818018409846712,0.07007674802914408,0.061242390382595435,0.05144827419008419,0.04096090220800625,0.030473268146171278,0.02092227540613808,0.013114370752087906,0.007424619661007281,0.0037560271724811785,0.0016797728210226897,6.570209750489113e-4,2.2235880334878257e-4,6.441920797137965e-5,1,0,0,0,0,0,0,0,0,0,0,0,0,0,0,0,0,0,0,0,0,0,0,0,0,0,0,0,0,0,0,0,0,0,0,0,0,0,0,0,0,0,0,0,0,0,0,0,0,0,0
2081,0,0,0,0,0,0,0,0,0,0,0,0,0,0,0,0.04284459492078627,0.05503763370067685,0.06777255139307732,0.08027934015541868,0.09179840517562755,0.10168885761337923,0.10951183412063832,0.11516831544832615,0.1189094426650244,0.12118676271686368,0.12257267977260274,0.12367750166129023,0.12457870229154583,0.12479270792462088,0.1238163161115659,0.12118832077032299,0.11656101542793298,0.1101169648743054,0.10248149109251872,0.09424826355197934,0.0859180523214914,0.07785174548497253,0.0697285521903518,0.060882514426004945,0.05109033170549431,0.040623154497927784,0.030175415478601215,0.020680180283757815,0.012935238213820519,0.007305375298598413,0.003685424889337039,0.0016430034324297297,6.403599944141277e-4,2.1586074442797798e-4,6.226096494618817e-5,1,0,0,0,0,0,0,0,0,0,0,0,0,0,0,0,0,0,0,0,0,0,0,0,0,0,0,0,0,0,0,0,0,0,0,0,0,0,0,0,0,0,0,0,0,0,0,0,0,0,0
2082,0,0,0,0,0,0,0,0,0,0,0,0,0,0,0,0.04214569277286052,0.05421326551984936,0.06684873744249774,0.07929304979855552,0.09079256944008016,0.1007065605670283,0.1085909235475056,0.11433663301189877,0.11818244014572592,0.12056820462496164,0.12205667311344053,0.12325104051674733,0.12422602381024865,0.12449767622430286,0.12356206429574233,0.12095752545664527,0.11633696174973203,0.10988552680271395,0.10223266936341763,0.09397633216514371,0.08562094559852666,0.0775300918271379,0.06938586599177778,0.06052705271301849,0.050735980649905824,0.04028847490654659,0.02988033627538739,0.020440641919028578,0.012758374718086546,0.007187978277609503,0.0036161592176114804,0.0016070763993119423,6.241550660729758e-4,2.09572493003488e-4,6.018394729398935e-5,1,0,0,0,0,0,0,0,0,0,0,0,0,0,0,0,0,0,0,0,0,0,0,0,0,0,0,0,0,0,0,0,0,0,0,0,0,0,0,0,0,0,0,0,0,0,0,0,0,0,0
2083,0,0,0,0,0,0,0,0,0,0,0,0,0,0,0,0.04145219453913058,0.053394939232031306,0.06593138917084804,0.07831345641731102,0.08979353501955345,0.099731128372555,0.10767698081339179,0.11351212297325255,0.11746295078543438,0.119957638440005,0.12154925610469969,0.12283385903735064,0.12388333353893109,0.12421323600531965,0.12331878146504835,0.12073774998184532,0.11612359042757968,0.10966407103935112,0.10199286755962435,0.09371230858246761,0.08533058723468548,0.07721405955237204,0.06904776711399997,0.060175304193264736,0.050384688654388034,0.039956433822588865,0.029587648967620152,0.02020330326116505,0.012583456005200251,0.007072159853866743,0.0035480337138346866,0.0015718673656756007,6.083387788577345e-4,2.0346302870680188e-4,5.8176134593964914e-005,1,0,0,0,0,0,0,0,0,0,0,0,0,0,0,0,0,0,0,0,0,0,0,0,0,0,0,0,0,0,0,0,0,0,0,0,0,0,0,0,0,0,0,0,0,0,0,0,0,0,0
2084,0,0,0,0,0,0,0,0,0,0,0,0,0,0,0,0.0407631139507685,0.05258127148813766,0.06501869846315601,0.07733833523800834,0.08879870450278307,0.09875966450201151,0.10676690190311287,0.11269156422755688,0.1167477063728269,0.11935178900836847,0.12104715254870721,0.12242265147108522,0.12354726544230452,0.12393596191920007,0.12308301874875159,0.12052559210658295,0.11591764395354823,0.10944956565032984,0.10175930693349348,0.09345365063957287,0.08504462421250769,0.07690142186254366,0.06871214290304203,0.059825345677485826,0.05003484205567006,0.039625835716520515,0.02929661953360205,0.01996784047973482,0.012410442864444062,0.006958020984383199,0.003481177298212454,0.0015374754336214486,5.92968388884211e-4,1.9755857849476307e-4,5.624720126662268e-5,1,0,0,0,0,0,0,0,0,0,0,0,0,0,0,0,0,0,0,0,0,0,0,0,0,0,0,0,0,0,0,0,0,0,0,0,0,0,0,0,0,0,0,0,0,0,0,0,0,0,0
2085,0,0,0,0,0,0,0,0,0,0,0,0,0,0,0,0.040077405419860705,0.0517707763544097,0.06410870603975106,0.07636526163985874,0.08780523746392029,0.09778899660276877,0.10585728758631405,0.11187143397387705,0.11603313915231896,0.11874708630658264,0.12054679159948636,0.12201380619823968,0.12321412540632368,0.12366207605136693,0.12285095787843973,0.12031728094004077,0.11571552226505409,0.10923868065901086,0.10152895545332875,0.09319759355990193,0.08476048852915379,0.07658971837652806,0.06837662084320884,0.059474990550207295,0.04968459959406476,0.03929533097057082,0.029006451633360287,0.01973394860832604,0.012239363644848901,0.006845742151533876,0.003415784672864795,0.0015040423990914382,5.781236215402649e-4,1.9189505681815414e-4,5.4410246594733574e-5,1,0,0,0,0,0,0,0,0,0,0,0,0,0,0,0,0,0,0,0,0,0,0,0,0,0,0,0,0,0,0,0,0,0,0,0,0,0,0,0,0,0,0,0,0,0,0,0,0,0,0
2086,0,0,0,0,0,0,0,0,0,0,0,0,0,0,0,0.039394100405854914,0.05096206612872106,0.06319956830500965,0.07539193796626971,0.08681042421451561,0.09681607932474688,0.10494485559248533,0.11104831222924869,0.11531576848746344,0.11814003225703523,0.12004466110181702,0.12160375967666368,0.12288025921773045,0.12338783414669166,0.12261880979922077,0.1201090721592286,0.11551365090859378,0.10902811217554681,0.10129880881437286,0.0929414029466357,0.08447564639267642,0.07627652839244055,0.06803887460077869,0.05912210345966586,0.04933217183831874,0.038963615360803214,0.02871638067266208,0.019501336741748126,0.012070244382620056,0.006735491028326765,0.0033520346033660826,0.0014716965516822051,5.638753561841415e-4,1.8650373560954973e-4,5.2676395449476864e-5,1,0,0,0,0,0,0,0,0,0,0,0,0,0,0,0,0,0,0,0,0,0,0,0,0,0,0,0,0,0,0,0,0,0,0,0,0,0,0,0,0,0,0,0,0,0,0,0,0,0,0
2087,0,0,0,0,0,0,0,0,0,0,0,0,0,0,0,0.038712306431010556,0.05015385042001776,0.06228955662837469,0.07441619310093822,0.08581168569814968,0.09583799448415303,0.10402644094055198,0.11021888220145866,0.11459220116947676,0.11752720089940417,0.11953730759158238,0.12118899627014491,0.12254205223643493,0.12310952514995945,0.12238281411216907,0.11989724739458513,0.11530848041060264,0.1088145818018984,0.1010658899339438,0.09268237442044068,0.08418759805314305,0.07595947097231699,0.06769662438165068,0.05876460083968966,0.04897582164414014,0.038629430230515294,0.02842567365997124,0.019269727817800106,0.011903108868195351,0.006627423036593359,0.0032900908708206073,0.0014405537158816138,5.502864711206034e-4,1.8141177815689623e-4,5.105506593458912e-5,1,0,0,0,0,0,0,0,0,0,0,0,0,0,0,0,0,0,0,0,0,0,0,0,0,0,0,0,0,0,0,0,0,0,0,0,0,0,0,0,0,0,0,0,0,0,0,0,0,0,0
2088,0,0,0,0,0,0,0,0,0,0,0,0,0,0,0,0.03803168516345936,0.049345582011813514,0.06137788089196214,0.07343697984254496,0.08480772717219444,0.09485323235398953,0.10310036924517378,0.10938136049772511,0.11386059127367078,0.11690671210196656,0.11902282128077733,0.1207675552450971,0.1221974692866341,0.12282504094002504,0.12214082031935258,0.11967967377311332,0.11509797916783769,0.10859622563777659,0.10082852002643698,0.09241899229295164,0.08389494348389595,0.07563720424667306,0.0673485755767748,0.05840129846091293,0.04861457201847179,0.038292087278612816,0.028133954824124886,0.01903900811944745,0.01173800548948311,0.006521646430941252,0.003230052942333976,0.0014106782718287616,5.373889793184537e-4,1.7663162857135936e-4,4.9549996266519046e-5,1,0,0,0,0,0,0,0,0,0,0,0,0,0,0,0,0,0,0,0,0,0,0,0,0,0,0,0,0,0,0,0,0,0,0,0,0,0,0,0,0,0,0,0,0,0,0,0,0,0,0
2089,0,0,0,0,0,0,0,0,0,0,0,0,0,0,0,0.03735381994585176,0.048539311173607456,0.060467062919384994,0.07245726036163486,0.08380188876678256,0.09386542709345828,0.10217047542886805,0.10853969746123557,0.11312494213940334,0.11628258789846527,0.11850523783355403,0.12034350822043664,0.12185063840300984,0.12253855547145409,0.12189700568493742,0.11946045919274687,0.11488608974602037,0.1083767385345832,0.10059010745864742,0.09215437856721685,0.08360054872015366,0.0753123877138463,0.06699719368490668,0.05803440938594875,0.04825028548122198,0.03795300479952335,0.027842155427526768,0.018809661716367453,0.011575084652228755,0.006418120896580006,0.0031718132255408463,0.0013819705229098274,5.251179734224578e-4,1.7213032307945131e-4,4.814772252688975e-5,1,0,0,0,0,0,0,0,0,0,0,0,0,0,0,0,0,0,0,0,0,0,0,0,0,0,0,0,0,0,0,0,0,0,0,0,0,0,0,0,0,0,0,0,0,0,0,0,0,0,0
2090,0,0,0,0,0,0,0,0,0,0,0,0,0,0,0,0.03668065963867476,0.047737598284755246,0.05956029378025342,0.07148082824574382,0.08279849477737025,0.09287932916344879,0.1012418142334246,0.10769913654760949,0.11239059864342425,0.11566022466122881,0.11798999594123838,0.11992236658996926,0.12150717214105891,0.12225576625614444,0.12165708907658271,0.11924523529606637,0.11467821310631492,0.10816116893999282,0.10035529355028006,0.09189277173222095,0.08330829815162034,0.07498862670900526,0.06664582318205778,0.05766693057818012,0.04788546947046777,0.03761407001864034,0.027551489759026198,0.01858229625742076,0.01141451344907097,0.0063167722639672335,0.0031152211747856582,0.0013542987047475534,5.133907153130817e-4,0.00016786709970069386,4.683205911848965e-5,1,0,0,0,0,0,0,0,0,0,0,0,0,0,0,0,0,0,0,0,0,0,0,0,0,0,0,0,0,0,0,0,0,0,0,0,0,0,0,0,0,0,0,0,0,0,0,0,0,0,0
2091,0,0,0,0,0,0,0,0,0,0,0,0,0,0,0,0.03601402420068841,0.04694284761304869,0.05866058658414671,0.07051128532485111,0.08180167344844039,0.0918994981914327,0.10031926299066639,0.10686476296830506,0.11166276936899872,0.11504490459127098,0.1174824404227406,0.11950956501478811,0.12117262008249585,0.12198231849362125,0.1214267446206624,0.11903959342707843,0.1144797114063135,0.10795452541205502,0.10012867653457469,0.09163836237798503,0.08302202213673646,0.07466946513553466,0.06629773956935323,0.057301785097646864,0.04752255820008905,0.037277105291966456,0.027263123032252503,0.018357490190899977,0.01125644850542014,0.006217529070972458,0.003060134960078262,0.0013275400297341562,5.021308773399364e-4,1.6380473723037536e-4,4.558838234791481e-5,1,0,0,0,0,0,0,0,0,0,0,0,0,0,0,0,0,0,0,0,0,0,0,0,0,0,0,0,0,0,0,0,0,0,0,0,0,0,0,0,0,0,0,0,0,0,0,0,0,0,0
2092,0,0,0,0,0,0,0,0,0,0,0,0,0,0,0,0.03535560723263691,0.0461573099838745,0.05777077909094334,0.06955204407931125,0.08081535911128165,0.09093030485812495,0.099407523349627,0.10604150538937457,0.11094652840760028,0.11444179772559765,0.11698782449706638,0.11911046397500231,0.12085247164390343,0.12172380808595618,0.12121160484826017,0.11884908781800343,0.11429591113499227,0.10776177959849442,0.09991481426656786,0.09139529552761685,0.08274549887210271,0.07435838680010567,0.06595615017777032,0.056941822533449024,0.04716391299619477,0.03694386860294243,0.02697817210021005,0.01813579348603446,0.011101036380842094,0.0061203224554083925,0.003006420933091883,0.0013015799942058947,4.912679464419643e-4,1.5990917024459546e-4,4.440343605356118e-5,1,0,0,0,0,0,0,0,0,0,0,0,0,0,0,0,0,0,0,0,0,0,0,0,0,0,0,0,0,0,0,0,0,0,0,0,0,0,0,0,0,0,0,0,0,0,0,0,0,0,0
2093,0,0,0,0,0,0,0,0,0,0,0,0,0,0,0,0.03470689196329631,0.04538296767705187,0.05689338503945616,0.06860614545589558,0.07984307918305342,0.08997569205103198,0.0985108630829508,0.10523386502678286,0.11024653706328255,0.11385567948365681,0.11651102390138683,0.11873005860284394,0.12055185770716115,0.12148547684372871,0.12101695324714201,0.11867893218632233,0.11413181275806679,0.10758759637475851,0.09971797767811046,0.09116744634711275,0.08248224856430984,0.07405862286707034,0.06562401384672159,0.05658965687349696,0.046811687719095885,0.0366159546599707,0.026697644852654936,0.01791770035253512,0.0109484089943377,0.006025092613883276,0.0029539623613817592,0.0012763190430778938,4.8074098341128487e-4,1.5615115392897259e-4,4.3265920266365804e-5,1,0,0,0,0,0,0,0,0,0,0,0,0,0,0,0,0,0,0,0,0,0,0,0,0,0,0,0,0,0,0,0,0,0,0,0,0,0,0,0,0,0,0,0,0,0,0,0,0,0,0
2094,0,0,0,0,0,0,0,0,0,0,0,0,0,0,0,0.03406890602235742,0.04462119847553384,0.05603015985488982,0.06767572582020817,0.07888732953741885,0.08903847246982174,0.09763235432830362,0.10444511354702385,0.1095662168284915,0.1132900882229007,0.116055681314789,0.11837210471629607,0.1202746529073775,0.12127129381036117,0.12084679646982727,0.11853308353942549,0.11399121376430224,0.10743551906328218,0.09954140715204424,0.09095774487624494,0.08223491543950233,0.07377257588495215,0.0653035038416794,0.05624718566819627,0.04646743108984414,0.036294503323716316,0.026422261566661002,0.017703568462223693,0.010798669622344893,0.005931807575157339,0.0029026853574586446,0.0012516927184694725,4.705102545026869e-4,1.525115769873954e-4,4.216844921019747e-5,1,0,0,0,0,0,0,0,0,0,0,0,0,0,0,0,0,0,0,0,0,0,0,0,0,0,0,0,0,0,0,0,0,0,0,0,0,0,0,0,0,0,0,0,0,0,0,0,0,0,0
2095,0,0,0,0,0,0,0,0,0,0,0,0,0,0,0,0.033442510071372764,0.04387316500041174,0.05518259651949227,0.06676261700159368,0.07795026824974344,0.08812109897041297,0.09677469934280689,0.10367815333732401,0.1089086279582266,0.11274821272985859,0.11562510125282091,0.11804002755211937,0.12002440468476443,0.12108490269594079,0.12070481898070427,0.11841518388314674,0.1138776102109401,0.1073088082358425,0.09938807996598936,0.0907688753107305,0.08200591044451559,0.07350242183917519,0.06499657269744676,0.055916099539354135,0.04613251198795132,0.03598051497170736,0.026152650839039,0.0174937091805814,0.010651909252952174,0.005840442055694313,0.0028525287155909767,0.0012276475795128846,4.605429279494231e-4,1.4897472076938142e-4,4.110497955938172e-5,1,0,0,0,0,0,0,0,0,0,0,0,0,0,0,0,0,0,0,0,0,0,0,0,0,0,0,0,0,0,0,0,0,0,0,0,0,0,0,0,0,0,0,0,0,0,0,0,0,0,0
2096,0,0,0,0,0,0,0,0,0,0,0,0,0,0,0,0.03282849184046935,0.04313994170203915,0.05435208759585526,0.06586854279657067,0.07703394339296032,0.08722591827641003,0.09594050335909936,0.1029358027547571,0.10827676182128738,0.11223318856644501,0.11522254985888972,0.11773722706176563,0.11980464613456504,0.1209299414831865,0.12059470548392426,0.1183288784858937,0.11379450144909746,0.10721072510618786,0.09926096929706742,0.0906035115840933,0.08179762722433795,0.07325031182096187,0.06470514073083627,0.05559805158427876,0.04580826034288795,0.03567495463311805,0.025889414130945563,0.017288417295176866,0.010508212097911319,0.005750970720030602,0.0028034342183928715,0.001204133459629207,4.508084768017783e-4,1.455260936534773e-4,4.006998431605266e-5,1,0,0,0,0,0,0,0,0,0,0,0,0,0,0,0,0,0,0,0,0,0,0,0,0,0,0,0,0,0,0,0,0,0,0,0,0,0,0,0,0,0,0,0,0,0,0,0,0,0,0
2097,0,0,0,0,0,0,0,0,0,0,0,0,0,0,0,0.03222756966106535,0.04242251912353749,0.05353993014518903,0.0649951244390134,0.07614029895452488,0.08635517725442973,0.0951322811564261,0.10222080296417504,0.1076735480115329,0.11174810548726408,0.11485126267979091,0.11746708611324723,0.11961890466738771,0.12081005148410764,0.12052015021447944,0.11827782515104958,0.11374539906137449,0.10714453985030868,0.09916305175631328,0.09046432405986288,0.08161244800667608,0.07301837719795266,0.06443110055297445,0.055294661206611695,0.045495970234321,0.03537875432590496,0.025633127354346596,0.017087971928646466,0.010367655973531904,0.0056633682107046935,0.0027553464963854324,0.001181103293450844,4.41278545894335e-4,1.4215235393673847e-4,3.9058417504650905e-5,1,0,0,0,0,0,0,0,0,0,0,0,0,0,0,0,0,0,0,0,0,0,0,0,0,0,0,0,0,0,0,0,0,0,0,0,0,0,0,0,0,0,0,0,0,0,0,0,0,0,0
2098,0,0,0,0,0,0,0,0,0,0,0,0,0,0,0,0.031640396151202115,0.04172180838861983,0.052747330954182416,0.06414388647114999,0.07527118124879593,0.08551102977630451,0.09435246430228737,0.10153582552072314,0.10710186226949173,0.11129601572808519,0.11451445337294629,0.11723297969037566,0.1194707117353554,0.1207288875216257,0.12048486739012791,0.11826570464920033,0.11373383691140879,0.10711354095092472,0.09909731584017964,0.09035398703247438,0.08145275019886107,0.07280873542049708,0.06417632214791975,0.05500751842895411,0.04519690336529871,0.03509281564175003,0.025384342587747123,0.01689263749533534,0.010230312684701318,0.005577609176887421,0.002708212897159555,0.0011585129619063562,4.3192683701466457e-4,1.3884124541660588e-4,3.8065685533591335e-5,1,0,0,0,0,0,0,0,0,0,0,0,0,0,0,0,0,0,0,0,0,0,0,0,0,0,0,0,0,0,0,0,0,0,0,0,0,0,0,0,0,0,0,0,0,0,0,0,0,0,0
2099,0,0,0,0,0,0,0,0,0,0,0,0,0,0,0,0.03106756202116066,0.04103864587418705,0.051975412025304805,0.06331626296718815,0.07442834577673726,0.08469554412335957,0.09360340902600464,0.10088348066651841,0.1065645351932163,0.11087994315393346,0.1142153233429423,0.11703828509531071,0.11936361363735437,0.12069012925546285,0.1204926028476547,0.11829623233550664,0.11376338232988789,0.10712104558753448,0.09906677131568936,0.09027518704774472,0.08132091370191281,0.07262349646219,0.06394265851001278,0.0547381886746476,0.04491229289323622,0.03481801256470144,0.025143589911218723,0.016702664696779355,0.010096248410916312,0.005493668301747357,0.0026619833634696586,0.0011363211537769593,4.2272901026992347e-4,1.3558154408341937e-4,3.7087624304977424e-5,1,0,0,0,0,0,0,0,0,0,0,0,0,0,0,0,0,0,0,0,0,0,0,0,0,0,0,0,0,0,0,0,0,0,0,0,0,0,0,0,0,0,0,0,0,0,0,0,0,0,0
